1.000000000000000021e-02 0.000000000000000000e+00 0.000000000000000000e+00 0.000000000000000000e+00 0.000000000000000000e+00
1.071891319205127598e-02 0.000000000000000000e+00 0.000000000000000000e+00 0.000000000000000000e+00 0.000000000000000000e+00
1.148951000187309161e-02 0.000000000000000000e+00 0.000000000000000000e+00 0.000000000000000000e+00 0.000000000000000000e+00
1.231550603292825598e-02 0.000000000000000000e+00 0.000000000000000000e+00 0.000000000000000000e+00 0.000000000000000000e+00
1.320088400831418048e-02 0.000000000000000000e+00 0.000000000000000000e+00 0.000000000000000000e+00 0.000000000000000000e+00
1.414991297434575919e-02 0.000000000000000000e+00 0.000000000000000000e+00 0.000000000000000000e+00 0.000000000000000000e+00
1.516716888470922599e-02 0.000000000000000000e+00 0.000000000000000000e+00 0.000000000000000000e+00 0.000000000000000000e+00
1.625755666443794156e-02 0.000000000000000000e+00 0.000000000000000000e+00 0.000000000000000000e+00 0.000000000000000000e+00
1.742633386009649968e-02 0.000000000000000000e+00 0.000000000000000000e+00 0.000000000000000000e+00 0.000000000000000000e+00
1.867913599020782842e-02 0.000000000000000000e+00 0.000000000000000000e+00 0.000000000000000000e+00 0.000000000000000000e+00
2.002200371815584384e-02 0.000000000000000000e+00 0.000000000000000000e+00 0.000000000000000000e+00 0.000000000000000000e+00
2.146141197858403640e-02 0.000000000000000000e+00 0.000000000000000000e+00 0.000000000000000000e+00 0.000000000000000000e+00
2.300430119772918156e-02 0.000000000000000000e+00 0.000000000000000000e+00 0.000000000000000000e+00 0.000000000000000000e+00
2.465811075822602755e-02 0.000000000000000000e+00 0.000000000000000000e+00 0.000000000000000000e+00 0.000000000000000000e+00
2.643081486974105734e-02 0.000000000000000000e+00 0.000000000000000000e+00 0.000000000000000000e+00 0.000000000000000000e+00
2.833096101839324005e-02 0.000000000000000000e+00 0.000000000000000000e+00 0.000000000000000000e+00 0.000000000000000000e+00
3.036771118035457365e-02 0.000000000000000000e+00 0.000000000000000000e+00 0.000000000000000000e+00 0.000000000000000000e+00
3.255088599835058438e-02 0.000000000000000000e+00 0.000000000000000000e+00 0.000000000000000000e+00 0.000000000000000000e+00
3.489101213406773511e-02 0.000000000000000000e+00 0.000000000000000000e+00 0.000000000000000000e+00 0.000000000000000000e+00
3.739937302478797687e-02 0.000000000000000000e+00 0.000000000000000000e+00 0.000000000000000000e+00 0.000000000000000000e+00
4.008806328898464888e-02 0.000000000000000000e+00 0.000000000000000000e+00 0.000000000000000000e+00 0.000000000000000000e+00
4.297004704320839252e-02 0.000000000000000000e+00 0.000000000000000000e+00 0.000000000000000000e+00 0.000000000000000000e+00
4.605922041145105866e-02 0.000000000000000000e+00 0.000000000000000000e+00 0.000000000000000000e+00 0.000000000000000000e+00
4.937047852839003548e-02 0.000000000000000000e+00 0.000000000000000000e+00 0.000000000000000000e+00 0.000000000000000000e+00
5.291978735958442065e-02 0.000000000000000000e+00 0.000000000000000000e+00 0.000000000000000000e+00 0.000000000000000000e+00
5.672426068491977919e-02 0.000000000000000000e+00 0.000000000000000000e+00 0.000000000000000000e+00 0.000000000000000000e+00
6.080224261649420925e-02 0.000000000000000000e+00 0.000000000000000000e+00 1.396692117146754809e-06 3.566719245839205005e-07
6.517339604882423088e-02 0.000000000000000000e+00 0.000000000000000000e+00 1.693728722454581093e-05 1.485225063384906121e-06
6.985879746785249311e-02 0.000000000000000000e+00 0.000000000000000000e+00 8.322374440245703341e-05 3.312648347404112636e-06
7.488103857590022727e-02 0.000000000000000000e+00 0.000000000000000000e+00 3.231209750428686934e-04 6.792208807781669352e-06
8.026433522257174491e-02 0.000000000000000000e+00 0.000000000000000000e+00 9.454025540227503372e-04 1.249724975637499084e-05
8.603464416684500349e-02 0.000000000000000000e+00 0.000000000000000000e+00 2.215292981292177506e-03 1.921509555043609174e-05
9.221978823334327224e-02 0.000000000000000000e+00 0.000000000000000000e+00 4.162985730358036325e-03 2.191800975805602284e-05
9.884959046625586832e-02 0.000000000000000000e+00 0.000000000000000000e+00 6.770434903233151988e-03 3.641105850479906257e-05
1.059560179277615893e-01 0.000000000000000000e+00 0.000000000000000000e+00 9.890246205778175856e-03 2.310132241102749330e-05
1.135733358343105209e-01 0.000000000000000000e+00 0.000000000000000000e+00 1.306613611848839521e-02 3.425865193754935162e-05
1.217382727739661358e-01 0.000000000000000000e+00 0.000000000000000000e+00 1.566079279962154236e-02 2.759817110378264763e-05
1.304901978014402220e-01 0.000000000000000000e+00 0.000000000000000000e+00 1.766767139126384362e-02 3.138675951544881197e-05
1.398713102647237971e-01 0.000000000000000000e+00 0.000000000000000000e+00 1.882131705248541939e-02 6.826583923169959422e-05
1.499268432786045602e-01 0.000000000000000000e+00 0.000000000000000000e+00 1.935114814795831084e-02 5.731941314552986333e-05
1.607052818261638372e-01 0.000000000000000000e+00 0.000000000000000000e+00 1.920535776065951730e-02 8.662451818031833184e-05
1.722585965398786556e-01 0.000000000000000000e+00 0.000000000000000000e+00 1.855842187302562604e-02 3.601934023398932662e-05
1.846424942895543431e-01 0.000000000000000000e+00 0.000000000000000000e+00 1.730986643006768994e-02 2.706042126952632775e-05
1.979166867853556222e-01 0.000000000000000000e+00 0.000000000000000000e+00 1.586566420523821686e-02 5.883188402868118393e-05
2.121451784910629856e-01 0.000000000000000000e+00 0.000000000000000000e+00 1.443674456555562625e-02 5.528944216029311917e-05
2.273965752357927639e-01 0.000000000000000000e+00 0.000000000000000000e+00 1.308457579218664721e-02 6.632904881936286710e-05
2.437444150122220488e-01 0.000000000000000000e+00 0.000000000000000000e+00 1.165534351933682385e-02 2.495858959657219463e-05
2.612675225563327874e-01 0.000000000000000000e+00 0.000000000000000000e+00 1.027696531461934348e-02 1.690462547123070601e-05
2.800503894183630771e-01 0.000000000000000000e+00 0.000000000000000000e+00 9.133551943890913516e-03 4.160732403611444526e-05
3.001835813575589040e-01 0.000000000000000000e+00 0.000000000000000000e+00 8.117629852580594135e-03 2.705721654841028857e-05
3.217641750250735400e-01 0.000000000000000000e+00 0.000000000000000000e+00 7.202440664917346066e-03 5.698687418688353921e-05
3.448962260405757929e-01 0.000000000000000000e+00 0.000000000000000000e+00 6.396614871484197426e-03 2.259716578776614545e-05
3.696912707195026404e-01 0.000000000000000000e+00 0.000000000000000000e+00 5.708288746321853874e-03 1.553101999326127921e-05
3.962688638701478139e-01 0.000000000000000000e+00 0.000000000000000000e+00 5.050667833147027934e-03 1.140484091469693493e-05
4.247571552536898443e-01 0.000000000000000000e+00 0.000000000000000000e+00 4.615088337087645820e-03 1.481136297810489522e-05
4.552935074866947818e-01 0.000000000000000000e+00 0.000000000000000000e+00 4.209172696888893554e-03 2.426416369247904597e-05
4.880251583654431347e-01 0.000000000000000000e+00 0.000000000000000000e+00 3.838279335001229010e-03 2.020330592218126702e-05
5.231099308056260666e-01 0.000000000000000000e+00 0.000000000000000000e+00 3.512507123838190352e-03 1.183075792003242793e-05
5.607169938205458504e-01 0.000000000000000000e+00 0.000000000000000000e+00 3.250912141731412963e-03 2.284352759813867143e-05
6.010276782070381740e-01 0.000000000000000000e+00 0.000000000000000000e+00 3.008199301708948652e-03 6.762953279125616590e-06
6.442363508721370424e-01 0.000000000000000000e+00 0.000000000000000000e+00 2.854832040474782236e-03 2.350076071087708096e-05
6.905513520162327445e-01 0.000000000000000000e+00 0.000000000000000000e+00 2.674233329849051537e-03 1.277259946131894683e-05
7.401959996915641327e-01 0.000000000000000000e+00 0.000000000000000000e+00 2.547764680531733501e-03 1.189290437997848737e-05
7.934096665797492065e-01 0.000000000000000000e+00 0.000000000000000000e+00 2.469574235882363109e-03 1.547908008848762536e-05
8.504489341802676794e-01 0.000000000000000000e+00 0.000000000000000000e+00 2.351806605890367080e-03 1.224280221647955735e-05
9.115888299750818380e-01 0.000000000000000000e+00 0.000000000000000000e+00 2.280410641347626992e-03 8.255463893930675950e-06
9.771241535346496532e-01 0.000000000000000000e+00 0.000000000000000000e+00 2.208542516863646905e-03 8.523829259942612959e-06
1.047370897959449820e+00 0.000000000000000000e+00 0.000000000000000000e+00 2.167990031900731470e-03 1.065606906184424518e-05
1.122667773510813483e+00 0.000000000000000000e+00 0.000000000000000000e+00 2.095801389522985916e-03 1.488820261314634535e-05
1.203377840777589247e+00 0.000000000000000000e+00 0.000000000000000000e+00 2.062529962192181411e-03 1.352278458355297447e-05
1.289890261253308079e+00 0.000000000000000000e+00 0.000000000000000000e+00 2.015553274383543019e-03 1.599138784216863542e-05
1.382622173764654905e+00 0.000000000000000000e+00 0.000000000000000000e+00 1.945016683261242439e-03 8.623364211904071486e-06
1.482020705798858584e+00 0.000000000000000000e+00 0.000000000000000000e+00 1.940438218185872640e-03 1.543057871055347692e-05
1.588565129428052725e+00 0.000000000000000000e+00 0.000000000000000000e+00 1.875443260086541789e-03 7.986744459571672419e-06
1.702769172225899519e+00 0.000000000000000000e+00 0.000000000000000000e+00 1.852242450644150940e-03 9.598975700834244725e-06
1.825183494319042365e+00 0.000000000000000000e+00 0.000000000000000000e+00 1.823781236074425213e-03 7.906583573500819507e-06
1.956398343517062877e+00 0.000000000000000000e+00 0.000000000000000000e+00 1.770612906033390641e-03 1.199759947359244217e-05
2.097046401323232612e+00 0.000000000000000000e+00 0.000000000000000000e+00 1.732289634201485736e-03 1.146795937423774050e-05
2.247805833548725207e+00 0.000000000000000000e+00 0.000000000000000000e+00 1.750667227062667735e-03 1.022733587572450806e-05
2.409403560239524289e+00 0.000000000000000000e+00 0.000000000000000000e+00 1.710732576154217616e-03 6.347229386178715967e-06
2.582618760682674708e+00 0.000000000000000000e+00 0.000000000000000000e+00 1.671003166693245476e-03 9.020513226276081689e-06
2.768286630392063685e+00 0.000000000000000000e+00 0.000000000000000000e+00 1.658209696985444518e-03 2.775580800345209515e-06
2.967302408188869478e+00 0.000000000000000000e+00 0.000000000000000000e+00 1.620603073926512021e-03 1.118192640592713643e-05
3.180625692794118997e+00 0.000000000000000000e+00 0.000000000000000000e+00 1.585085369089871046e-03 5.848300692184849641e-06
3.409285069746811114e+00 0.000000000000000000e+00 0.000000000000000000e+00 1.568492197551491982e-03 8.599202190213771929e-06
3.654383070957254454e+00 0.000000000000000000e+00 0.000000000000000000e+00 1.530226383023304462e-03 8.389638126333872145e-06
3.917101490809256514e+00 0.000000000000000000e+00 0.000000000000000000e+00 1.509968987110233167e-03 1.899227999409216004e-06
4.198707084443910276e+00 0.000000000000000000e+00 0.000000000000000000e+00 1.484505003363870276e-03 5.189201964036533527e-06
4.500557675700497917e+00 0.000000000000000000e+00 0.000000000000000000e+00 1.458131482415486995e-03 2.147574239221603967e-06
4.824108704165368522e+00 0.000000000000000000e+00 0.000000000000000000e+00 1.420981549000213760e-03 4.591772961037044440e-06
5.170920242896754893e+00 0.000000000000000000e+00 0.000000000000000000e+00 1.404409581894089463e-03 3.731890252142873291e-06
5.542664520663101335e+00 0.000000000000000000e+00 0.000000000000000000e+00 1.387929008166500014e-03 4.002469016453676408e-06
5.941133984965033754e+00 0.000000000000000000e+00 0.000000000000000000e+00 1.348703189805888379e-03 4.224483201307122610e-06
6.368249944718586519e+00 0.000000000000000000e+00 0.000000000000000000e+00 1.346998385475315155e-03 5.916535269115212524e-06
6.826071834272386063e+00 0.000000000000000000e+00 0.000000000000000000e+00 1.321914537531841943e-03 2.458468804827620401e-06
7.316807143427192628e+00 0.000000000000000000e+00 0.000000000000000000e+00 1.306891555693640537e-03 3.205153090710297811e-06
7.842822061337681561e+00 0.000000000000000000e+00 0.000000000000000000e+00 1.285007241088475258e-03 1.690692163542350556e-06
8.406652885618324689e+00 0.000000000000000000e+00 0.000000000000000000e+00 1.276372897615845811e-03 2.431895977500381831e-06
9.011018251665019463e+00 0.000000000000000000e+00 0.000000000000000000e+00 1.261972553503758329e-03 1.521518279333867022e-06
9.658832241158698650e+00 0.000000000000000000e+00 0.000000000000000000e+00 1.249279936343494551e-03 1.480778323770288063e-06
1.035321843295661637e+01 0.000000000000000000e+00 0.000000000000000000e+00 1.240345357902962594e-03 2.869970324139837067e-06
1.109752496412072098e+01 0.000000000000000000e+00 0.000000000000000000e+00 1.225884853598372976e-03 1.708075073854383817e-06
1.189534067370319548e+01 0.000000000000000000e+00 0.000000000000000000e+00 1.215598925088155844e-03 2.387113782224251761e-06
1.275051240713012923e+01 0.000000000000000000e+00 0.000000000000000000e+00 1.204070874238056090e-03 2.942576305794308448e-06
1.366716356462005955e+01 0.000000000000000000e+00 0.000000000000000000e+00 1.195842196954440733e-03 3.066841243256640621e-06
1.464971398307284822e+01 0.000000000000000000e+00 0.000000000000000000e+00 1.186030741044149898e-03 1.849421293882583004e-06
1.570290124729377546e+01 0.000000000000000000e+00 0.000000000000000000e+00 1.178258498717792927e-03 2.456103616627990298e-06
1.683180353330956791e+01 0.000000000000000000e+00 0.000000000000000000e+00 1.168940484626240003e-03 1.831621283084574315e-06
1.804186409392071866e+01 0.000000000000000000e+00 0.000000000000000000e+00 1.162388454386014368e-03 2.632407859263903505e-06
1.933891750455230252e+01 0.000000000000000000e+00 0.000000000000000000e+00 1.153703826967730686e-03 2.717576524773457128e-06
2.072921779595369784e+01 0.000000000000000000e+00 0.000000000000000000e+00 1.150761684633481562e-03 1.469732069755178425e-06
2.221946860939523916e+01 0.000000000000000000e+00 0.000000000000000000e+00 1.140152083047775433e-03 8.874431389218779022e-07
2.381685551976158166e+01 0.000000000000000000e+00 0.000000000000000000e+00 1.133591875825159774e-03 2.227778132855551512e-06
2.552908068239516481e+01 0.000000000000000000e+00 0.000000000000000000e+00 1.124119814356739624e-03 1.531321324378348775e-06
2.736439997074669250e+01 0.000000000000000000e+00 0.000000000000000000e+00 1.117873375236670425e-03 1.848718309137454396e-06
2.933166278390042336e+01 0.000000000000000000e+00 0.000000000000000000e+00 1.110306045793687125e-03 1.457046647095633091e-06
3.144035471591499942e+01 0.000000000000000000e+00 0.000000000000000000e+00 1.105630751064354614e-03 7.925348565071115875e-07
3.370064329271928472e+01 0.000000000000000000e+00 0.000000000000000000e+00 1.096437042354464573e-03 7.951474593922580102e-07
3.612342699709430605e+01 0.000000000000000000e+00 0.000000000000000000e+00 1.085086330829314327e-03 8.568265066941608725e-07
3.872038781812553054e+01 0.000000000000000000e+00 0.000000000000000000e+00 1.077748522494848069e-03 1.354928145844341783e-06
4.150404757850472492e+01 0.000000000000000000e+00 0.000000000000000000e+00 1.065608514341365729e-03 1.312779242419456258e-06
4.448782831127585524e+01 0.000000000000000000e+00 0.000000000000000000e+00 1.055978647911235899e-03 9.418754736779696215e-07
4.768611697714469244e+01 0.000000000000000000e+00 0.000000000000000000e+00 1.044016880500228759e-03 4.071586822592907457e-07
5.111433483440165304e+01 0.000000000000000000e+00 0.000000000000000000e+00 1.033937064316969249e-03 2.104890392987149392e-06
5.478901179593939474e+01 0.000000000000000000e+00 0.000000000000000000e+00 1.020004602191146911e-03 1.364138037457823436e-06
5.872786613189477123e+01 0.000000000000000000e+00 0.000000000000000000e+00 1.007197550122388872e-03 3.783480714627697145e-07
6.294988990221887804e+01 0.000000000000000000e+00 0.000000000000000000e+00 9.918427799754908191e-04 9.368946497661459033e-07
6.747544053110692630e+01 0.000000000000000000e+00 0.000000000000000000e+00 9.752855614904524378e-04 8.895832888525762136e-07
7.232633896483532965e+01 0.000000000000000000e+00 0.000000000000000000e+00 9.581057143548784216e-04 7.204295145828985707e-07
7.752597488629456279e+01 0.000000000000000000e+00 0.000000000000000000e+00 9.428518275256872732e-04 2.352236471298439362e-07
8.309941949353387258e+01 0.000000000000000000e+00 0.000000000000000000e+00 9.224280006294713948e-04 7.983170143284418283e-07
8.907354638610439679e+01 0.000000000000000000e+00 0.000000000000000000e+00 9.015898962209155723e-04 1.006576828708689212e-06
9.547716114208056126e+01 0.000000000000000000e+00 0.000000000000000000e+00 8.817712826306639334e-04 9.559642061718407529e-07
1.023411402105452765e+02 0.000000000000000000e+00 0.000000000000000000e+00 8.599634686768144187e-04 6.985370209028494505e-07
1.096985797892384085e+02 0.000000000000000000e+00 0.000000000000000000e+00 8.365313031015372000e-04 8.207030159027312549e-07
1.175849554052155810e+02 0.000000000000000000e+00 0.000000000000000000e+00 8.119933275838236769e-04 7.191876410762830351e-07
1.260382929679727368e+02 0.000000000000000000e+00 0.000000000000000000e+00 7.883905619508113291e-04 5.007785784688269575e-07
1.350993521198025178e+02 0.000000000000000000e+00 0.000000000000000000e+00 7.650833414858649283e-04 4.975095490573537833e-07
1.448118227674532932e+02 0.000000000000000000e+00 0.000000000000000000e+00 7.409015124883659535e-04 3.764306956490348894e-07
1.552225357427047925e+02 0.000000000000000000e+00 0.000000000000000000e+00 7.146858314875118240e-04 8.406232344047793086e-07
1.663816886076127446e+02 0.000000000000000000e+00 0.000000000000000000e+00 6.903719237726371142e-04 5.506191185812923147e-07
1.783430876931909381e+02 0.000000000000000000e+00 0.000000000000000000e+00 6.644904879285380706e-04 7.248925939584821120e-07
1.911644075385699750e+02 0.000000000000000000e+00 0.000000000000000000e+00 6.380322608583427046e-04 6.569310339899911797e-07
2.049074689815846000e+02 0.000000000000000000e+00 0.000000000000000000e+00 6.137860322449646818e-04 5.223766450753715880e-07
2.196385372416546886e+02 0.000000000000000000e+00 0.000000000000000000e+00 5.866733815363873485e-04 1.052743921177035257e-06
2.354286414322415339e+02 0.000000000000000000e+00 0.000000000000000000e+00 5.638270193516322021e-04 3.120616910620834349e-07
2.523539170434765992e+02 0.000000000000000000e+00 0.000000000000000000e+00 5.398408771015451293e-04 1.886213230608249454e-07
2.704959730463131677e+02 0.000000000000000000e+00 0.000000000000000000e+00 5.175221824133553316e-04 5.057518529443920066e-07
2.899422853882875302e+02 0.000000000000000000e+00 0.000000000000000000e+00 4.922438701732152321e-04 2.043579657394795240e-07
3.107866187782013867e+02 0.000000000000000000e+00 0.000000000000000000e+00 4.688242813692219306e-04 4.245567023708034814e-07
3.331294787934670012e+02 0.000000000000000000e+00 0.000000000000000000e+00 4.463977872890077109e-04 4.266213716415080142e-07
3.570785964900462659e+02 0.000000000000000000e+00 0.000000000000000000e+00 4.264557741136414159e-04 2.467455074777345924e-07
3.827494478516307481e+02 0.000000000000000000e+00 0.000000000000000000e+00 4.058096995417152211e-04 4.897783624772106561e-07
4.102658105827190411e+02 0.000000000000000000e+00 0.000000000000000000e+00 3.859982151433433801e-04 3.546012717375868841e-07
4.397603609302720997e+02 0.000000000000000000e+00 0.000000000000000000e+00 3.660111844608795843e-04 3.184399843577631385e-07
4.713753134116719252e+02 0.000000000000000000e+00 0.000000000000000000e+00 3.487223200457979550e-04 3.328854472963597415e-07
5.052631065335679637e+02 0.000000000000000000e+00 0.000000000000000000e+00 3.305910883128765766e-04 2.762220484862792183e-07
5.415871378079465330e+02 0.000000000000000000e+00 0.000000000000000000e+00 3.134783541870575681e-04 1.348945235519305675e-07
5.805225516094895966e+02 0.000000000000000000e+00 0.000000000000000000e+00 2.969614059445543843e-04 3.021275547663157241e-07
6.222570836730230894e+02 0.000000000000000000e+00 0.000000000000000000e+00 2.821499588978277706e-04 1.457694193783906588e-07
6.669919663030115089e+02 0.000000000000000000e+00 0.000000000000000000e+00 2.665553829470005244e-04 2.473332987690629070e-07
7.149428986597577023e+02 0.000000000000000000e+00 0.000000000000000000e+00 2.523419909207828761e-04 8.352930385604841558e-08
7.663410868007447334e+02 0.000000000000000000e+00 0.000000000000000000e+00 2.394813306664481003e-04 1.367277408479919887e-07
8.214343584919421346e+02 0.000000000000000000e+00 0.000000000000000000e+00 2.262396411204990428e-04 1.199209558767866483e-07
8.804883581643464368e+02 0.000000000000000000e+00 0.000000000000000000e+00 2.143144064541669899e-04 6.374572419564795989e-08
9.437878277775371316e+02 0.000000000000000000e+00 0.000000000000000000e+00 2.020473352866485278e-04 1.585155663167274586e-07
1.011637979766207081e+03 0.000000000000000000e+00 0.000000000000000000e+00 1.914603455415178027e-04 1.619508445856836928e-07
1.084365968689608735e+03 0.000000000000000000e+00 0.000000000000000000e+00 1.808587238406082699e-04 1.942555665235973105e-07
1.162322468679851909e+03 0.000000000000000000e+00 0.000000000000000000e+00 1.707273907379402880e-04 5.863467432868106071e-08
1.245883364295008050e+03 0.000000000000000000e+00 0.000000000000000000e+00 1.607937076671527455e-04 1.068504283891718665e-07
1.335451562929897364e+03 0.000000000000000000e+00 0.000000000000000000e+00 1.514519605811234164e-04 1.225538454236411400e-07
1.431458937523478653e+03 0.000000000000000000e+00 0.000000000000000000e+00 1.432407608192693652e-04 2.071306102044297261e-07
1.534368408930009991e+03 0.000000000000000000e+00 0.000000000000000000e+00 1.355699448578899426e-04 1.022277810452750032e-07
1.644676177994662794e+03 0.000000000000000000e+00 0.000000000000000000e+00 1.278071199154078897e-04 7.261014460130802016e-08
1.762914118095947970e+03 0.000000000000000000e+00 0.000000000000000000e+00 1.203334058946011885e-04 1.398255427668835701e-07
1.889652339691207771e+03 0.000000000000000000e+00 0.000000000000000000e+00 1.136387554324826534e-04 3.601894603321359367e-08
2.025501939230666494e+03 0.000000000000000000e+00 0.000000000000000000e+00 1.065886305442622603e-04 6.070053055882818481e-08
2.171117945694501032e+03 0.000000000000000000e+00 0.000000000000000000e+00 1.008101832830297364e-04 2.847152533083657624e-08
2.327202478960407461e+03 0.000000000000000000e+00 0.000000000000000000e+00 9.492983281902946330e-05 9.022312641229400881e-08
2.494508135230316384e+03 0.000000000000000000e+00 0.000000000000000000e+00 8.973898712428220376e-05 1.043491463037377336e-07
2.673841615839944097e+03 0.000000000000000000e+00 0.000000000000000000e+00 8.453913755893597410e-05 4.260953441153016935e-08
2.866067616948250361e+03 0.000000000000000000e+00 0.000000000000000000e+00 7.945843243764637125e-05 6.296866688594227157e-08
3.072112998861752658e+03 0.000000000000000000e+00 0.000000000000000000e+00 7.480182155616555003e-05 5.863733644838001950e-08
3.292971255097148060e+03 0.000000000000000000e+00 0.000000000000000000e+00 7.052657846200886588e-05 3.662438195619485760e-08
3.529707302730650099e+03 0.000000000000000000e+00 0.000000000000000000e+00 6.635865433619472862e-05 4.780157165248624032e-08
3.783462617131925072e+03 0.000000000000000000e+00 0.000000000000000000e+00 6.254654863619191793e-05 4.419925300200449901e-08
4.055460735840827510e+03 0.000000000000000000e+00 0.000000000000000000e+00 5.882726680646302220e-05 4.572933326330603717e-08
4.347013158125017071e+03 0.000000000000000000e+00 0.000000000000000000e+00 5.539826480713349688e-05 5.380883032415285940e-08
4.659525668664677141e+03 0.000000000000000000e+00 0.000000000000000000e+00 5.214793814004723473e-05 1.568823947356942198e-08
4.994505115855139593e+03 0.000000000000000000e+00 0.000000000000000000e+00 4.917139363898844411e-05 4.121730822859476034e-08
5.353566677410718512e+03 0.000000000000000000e+00 0.000000000000000000e+00 4.618674402618644012e-05 3.908139808022994714e-08
5.738441648302392423e+03 0.000000000000000000e+00 0.000000000000000000e+00 4.340688824442494326e-05 2.330306776307778293e-08
6.150985788580504050e+03 0.000000000000000000e+00 0.000000000000000000e+00 4.089727237963129919e-05 5.704306294812574377e-08
6.593188271333541707e+03 0.000000000000000000e+00 0.000000000000000000e+00 3.852131844966451204e-05 2.622117366450823867e-08
7.067181273927491020e+03 0.000000000000000000e+00 0.000000000000000000e+00 3.617591031517759971e-05 3.109942115472751967e-08
7.575250258771904555e+03 0.000000000000000000e+00 0.000000000000000000e+00 3.404545977271846325e-05 4.927667246214441175e-08
8.119844993184008672e+03 0.000000000000000000e+00 0.000000000000000000e+00 3.209057911664183404e-05 3.917418236470288887e-08
8.703591361485165180e+03 0.000000000000000000e+00 0.000000000000000000e+00 3.010343027162018213e-05 5.035281723026952699e-09
9.329304026284677093e+03 0.000000000000000000e+00 0.000000000000000000e+00 2.831704532862552387e-05 3.389668097437769335e-08
1.000000000000000000e+04 0.000000000000000000e+00 0.000000000000000000e+00 2.665869800156252568e-05 1.925272075083553504e-08
