1.000000000000000021e-02 0.000000000000000000e+00 0.000000000000000000e+00 0.000000000000000000e+00 0.000000000000000000e+00
1.071891319205127598e-02 0.000000000000000000e+00 0.000000000000000000e+00 0.000000000000000000e+00 0.000000000000000000e+00
1.148951000187309161e-02 0.000000000000000000e+00 0.000000000000000000e+00 0.000000000000000000e+00 0.000000000000000000e+00
1.231550603292825598e-02 0.000000000000000000e+00 0.000000000000000000e+00 0.000000000000000000e+00 0.000000000000000000e+00
1.320088400831418048e-02 0.000000000000000000e+00 0.000000000000000000e+00 0.000000000000000000e+00 0.000000000000000000e+00
1.414991297434575919e-02 0.000000000000000000e+00 0.000000000000000000e+00 0.000000000000000000e+00 0.000000000000000000e+00
1.516716888470922599e-02 0.000000000000000000e+00 0.000000000000000000e+00 0.000000000000000000e+00 0.000000000000000000e+00
1.625755666443794156e-02 0.000000000000000000e+00 0.000000000000000000e+00 0.000000000000000000e+00 0.000000000000000000e+00
1.742633386009649968e-02 0.000000000000000000e+00 0.000000000000000000e+00 0.000000000000000000e+00 0.000000000000000000e+00
1.867913599020782842e-02 0.000000000000000000e+00 0.000000000000000000e+00 0.000000000000000000e+00 0.000000000000000000e+00
2.002200371815584384e-02 0.000000000000000000e+00 0.000000000000000000e+00 0.000000000000000000e+00 0.000000000000000000e+00
2.146141197858403640e-02 0.000000000000000000e+00 0.000000000000000000e+00 0.000000000000000000e+00 0.000000000000000000e+00
2.300430119772918156e-02 0.000000000000000000e+00 0.000000000000000000e+00 0.000000000000000000e+00 0.000000000000000000e+00
2.465811075822602755e-02 0.000000000000000000e+00 0.000000000000000000e+00 0.000000000000000000e+00 0.000000000000000000e+00
2.643081486974105734e-02 0.000000000000000000e+00 0.000000000000000000e+00 0.000000000000000000e+00 0.000000000000000000e+00
2.833096101839324005e-02 0.000000000000000000e+00 0.000000000000000000e+00 0.000000000000000000e+00 0.000000000000000000e+00
3.036771118035457365e-02 0.000000000000000000e+00 0.000000000000000000e+00 0.000000000000000000e+00 0.000000000000000000e+00
3.255088599835058438e-02 0.000000000000000000e+00 0.000000000000000000e+00 0.000000000000000000e+00 0.000000000000000000e+00
3.489101213406773511e-02 0.000000000000000000e+00 0.000000000000000000e+00 0.000000000000000000e+00 0.000000000000000000e+00
3.739937302478797687e-02 0.000000000000000000e+00 0.000000000000000000e+00 0.000000000000000000e+00 0.000000000000000000e+00
4.008806328898464888e-02 0.000000000000000000e+00 0.000000000000000000e+00 0.000000000000000000e+00 0.000000000000000000e+00
4.297004704320839252e-02 0.000000000000000000e+00 0.000000000000000000e+00 0.000000000000000000e+00 0.000000000000000000e+00
4.605922041145105866e-02 0.000000000000000000e+00 0.000000000000000000e+00 0.000000000000000000e+00 0.000000000000000000e+00
4.937047852839003548e-02 0.000000000000000000e+00 0.000000000000000000e+00 0.000000000000000000e+00 0.000000000000000000e+00
5.291978735958442065e-02 0.000000000000000000e+00 0.000000000000000000e+00 0.000000000000000000e+00 0.000000000000000000e+00
5.672426068491977919e-02 0.000000000000000000e+00 0.000000000000000000e+00 0.000000000000000000e+00 0.000000000000000000e+00
6.080224261649420925e-02 0.000000000000000000e+00 0.000000000000000000e+00 1.995700063772107086e-06 0.000000000000000000e+00
6.517339604882423088e-02 0.000000000000000000e+00 0.000000000000000000e+00 2.097491511428283966e-05 0.000000000000000000e+00
6.985879746785249311e-02 0.000000000000000000e+00 0.000000000000000000e+00 9.818339742756369631e-05 0.000000000000000000e+00
7.488103857590022727e-02 0.000000000000000000e+00 0.000000000000000000e+00 3.663520254404417100e-04 0.000000000000000000e+00
8.026433522257174491e-02 0.000000000000000000e+00 0.000000000000000000e+00 1.092228034977083938e-03 0.000000000000000000e+00
8.603464416684500349e-02 0.000000000000000000e+00 0.000000000000000000e+00 2.656670750735429850e-03 0.000000000000000000e+00
9.221978823334327224e-02 0.000000000000000000e+00 0.000000000000000000e+00 4.977427172797281238e-03 0.000000000000000000e+00
9.884959046625586832e-02 0.000000000000000000e+00 0.000000000000000000e+00 8.311311466663411085e-03 0.000000000000000000e+00
1.059560179277615893e-01 0.000000000000000000e+00 0.000000000000000000e+00 1.294092507022017065e-02 0.000000000000000000e+00
1.135733358343105209e-01 0.000000000000000000e+00 0.000000000000000000e+00 1.741087226750655942e-02 0.000000000000000000e+00
1.217382727739661358e-01 0.000000000000000000e+00 0.000000000000000000e+00 2.144010182079970905e-02 0.000000000000000000e+00
1.304901978014402220e-01 0.000000000000000000e+00 0.000000000000000000e+00 2.467805035162209948e-02 0.000000000000000000e+00
1.398713102647237971e-01 0.000000000000000000e+00 0.000000000000000000e+00 2.706061234983959951e-02 0.000000000000000000e+00
1.499268432786045602e-01 0.000000000000000000e+00 0.000000000000000000e+00 2.858773237950782906e-02 0.000000000000000000e+00
1.607052818261638372e-01 0.000000000000000000e+00 0.000000000000000000e+00 2.862226945302457151e-02 0.000000000000000000e+00
1.722585965398786556e-01 0.000000000000000000e+00 0.000000000000000000e+00 2.853248083985050060e-02 0.000000000000000000e+00
1.846424942895543431e-01 0.000000000000000000e+00 0.000000000000000000e+00 2.757289038330143841e-02 0.000000000000000000e+00
1.979166867853556222e-01 0.000000000000000000e+00 0.000000000000000000e+00 2.568848271237919936e-02 0.000000000000000000e+00
2.121451784910629856e-01 0.000000000000000000e+00 0.000000000000000000e+00 2.377221392945485026e-02 0.000000000000000000e+00
2.273965752357927639e-01 0.000000000000000000e+00 0.000000000000000000e+00 2.162127139263434958e-02 0.000000000000000000e+00
2.437444150122220488e-01 0.000000000000000000e+00 0.000000000000000000e+00 1.967286611709580940e-02 0.000000000000000000e+00
2.612675225563327874e-01 0.000000000000000000e+00 0.000000000000000000e+00 1.775375410819050870e-02 0.000000000000000000e+00
2.800503894183630771e-01 0.000000000000000000e+00 0.000000000000000000e+00 1.581102418271095045e-02 0.000000000000000000e+00
3.001835813575589040e-01 0.000000000000000000e+00 0.000000000000000000e+00 1.427023291320552063e-02 0.000000000000000000e+00
3.217641750250735400e-01 0.000000000000000000e+00 0.000000000000000000e+00 1.254128465398962958e-02 0.000000000000000000e+00
3.448962260405757929e-01 0.000000000000000000e+00 0.000000000000000000e+00 1.135726865879013031e-02 0.000000000000000000e+00
3.696912707195026404e-01 0.000000000000000000e+00 0.000000000000000000e+00 1.006777643886781932e-02 0.000000000000000000e+00
3.962688638701478139e-01 0.000000000000000000e+00 0.000000000000000000e+00 8.986404390817515422e-03 0.000000000000000000e+00
4.247571552536898443e-01 0.000000000000000000e+00 0.000000000000000000e+00 8.165609343612000720e-03 0.000000000000000000e+00
4.552935074866947818e-01 0.000000000000000000e+00 0.000000000000000000e+00 7.405716482912956707e-03 0.000000000000000000e+00
4.880251583654431347e-01 0.000000000000000000e+00 0.000000000000000000e+00 6.624332151550567371e-03 0.000000000000000000e+00
5.231099308056260666e-01 0.000000000000000000e+00 0.000000000000000000e+00 6.029706335977696313e-03 0.000000000000000000e+00
5.607169938205458504e-01 0.000000000000000000e+00 0.000000000000000000e+00 5.512280598391170426e-03 0.000000000000000000e+00
6.010276782070381740e-01 0.000000000000000000e+00 0.000000000000000000e+00 5.105982811195788722e-03 0.000000000000000000e+00
6.442363508721370424e-01 0.000000000000000000e+00 0.000000000000000000e+00 4.666455975291062229e-03 0.000000000000000000e+00
6.905513520162327445e-01 0.000000000000000000e+00 0.000000000000000000e+00 4.188298548178898996e-03 0.000000000000000000e+00
7.401959996915641327e-01 0.000000000000000000e+00 0.000000000000000000e+00 3.992782348396120388e-03 0.000000000000000000e+00
7.934096665797492065e-01 0.000000000000000000e+00 0.000000000000000000e+00 3.742109142429970135e-03 0.000000000000000000e+00
8.504489341802676794e-01 0.000000000000000000e+00 0.000000000000000000e+00 3.534660885759419169e-03 0.000000000000000000e+00
9.115888299750818380e-01 0.000000000000000000e+00 0.000000000000000000e+00 3.254511681324301960e-03 0.000000000000000000e+00
9.771241535346496532e-01 0.000000000000000000e+00 0.000000000000000000e+00 3.149980610358951889e-03 0.000000000000000000e+00
1.047370897959449820e+00 0.000000000000000000e+00 0.000000000000000000e+00 3.089385421032905202e-03 0.000000000000000000e+00
1.122667773510813483e+00 0.000000000000000000e+00 0.000000000000000000e+00 2.872372929616015015e-03 0.000000000000000000e+00
1.203377840777589247e+00 0.000000000000000000e+00 0.000000000000000000e+00 2.806028011002111890e-03 0.000000000000000000e+00
1.289890261253308079e+00 0.000000000000000000e+00 0.000000000000000000e+00 2.681228609720916027e-03 0.000000000000000000e+00
1.382622173764654905e+00 0.000000000000000000e+00 0.000000000000000000e+00 2.551901811878070064e-03 0.000000000000000000e+00
1.482020705798858584e+00 0.000000000000000000e+00 0.000000000000000000e+00 2.471873676713394821e-03 0.000000000000000000e+00
1.588565129428052725e+00 0.000000000000000000e+00 0.000000000000000000e+00 2.383787351038660872e-03 0.000000000000000000e+00
1.702769172225899519e+00 0.000000000000000000e+00 0.000000000000000000e+00 2.340407050024933926e-03 0.000000000000000000e+00
1.825183494319042365e+00 0.000000000000000000e+00 0.000000000000000000e+00 2.286772205966998081e-03 0.000000000000000000e+00
1.956398343517062877e+00 0.000000000000000000e+00 0.000000000000000000e+00 2.171339907119995867e-03 0.000000000000000000e+00
2.097046401323232612e+00 0.000000000000000000e+00 0.000000000000000000e+00 2.126867856117355127e-03 0.000000000000000000e+00
2.247805833548725207e+00 0.000000000000000000e+00 0.000000000000000000e+00 2.123867557229210026e-03 0.000000000000000000e+00
2.409403560239524289e+00 0.000000000000000000e+00 0.000000000000000000e+00 2.088655562955644800e-03 0.000000000000000000e+00
2.582618760682674708e+00 0.000000000000000000e+00 0.000000000000000000e+00 2.005439483474495167e-03 0.000000000000000000e+00
2.768286630392063685e+00 0.000000000000000000e+00 0.000000000000000000e+00 1.999610361342139993e-03 0.000000000000000000e+00
2.967302408188869478e+00 0.000000000000000000e+00 0.000000000000000000e+00 1.939279037409647995e-03 0.000000000000000000e+00
3.180625692794118997e+00 0.000000000000000000e+00 0.000000000000000000e+00 1.953934092320181934e-03 0.000000000000000000e+00
3.409285069746811114e+00 0.000000000000000000e+00 0.000000000000000000e+00 1.928220632239103973e-03 0.000000000000000000e+00
3.654383070957254454e+00 0.000000000000000000e+00 0.000000000000000000e+00 1.854378278047325024e-03 0.000000000000000000e+00
3.917101490809256514e+00 0.000000000000000000e+00 0.000000000000000000e+00 1.840096575737670045e-03 0.000000000000000000e+00
4.198707084443910276e+00 0.000000000000000000e+00 0.000000000000000000e+00 1.850902517883517943e-03 0.000000000000000000e+00
4.500557675700497917e+00 0.000000000000000000e+00 0.000000000000000000e+00 1.826601608465981989e-03 0.000000000000000000e+00
4.824108704165368522e+00 0.000000000000000000e+00 0.000000000000000000e+00 1.851474101177469052e-03 0.000000000000000000e+00
5.170920242896754893e+00 0.000000000000000000e+00 0.000000000000000000e+00 1.813273895796419042e-03 0.000000000000000000e+00
5.542664520663101335e+00 0.000000000000000000e+00 0.000000000000000000e+00 1.831717322272043971e-03 0.000000000000000000e+00
5.941133984965033754e+00 0.000000000000000000e+00 0.000000000000000000e+00 1.828115449526576935e-03 0.000000000000000000e+00
6.368249944718586519e+00 0.000000000000000000e+00 0.000000000000000000e+00 1.848321156068142993e-03 0.000000000000000000e+00
6.826071834272386063e+00 0.000000000000000000e+00 0.000000000000000000e+00 1.857074273886168960e-03 0.000000000000000000e+00
7.316807143427192628e+00 0.000000000000000000e+00 0.000000000000000000e+00 1.851262190730566977e-03 0.000000000000000000e+00
7.842822061337681561e+00 0.000000000000000000e+00 0.000000000000000000e+00 1.871053095219515992e-03 0.000000000000000000e+00
8.406652885618324689e+00 0.000000000000000000e+00 0.000000000000000000e+00 1.884318425339658086e-03 0.000000000000000000e+00
9.011018251665019463e+00 0.000000000000000000e+00 0.000000000000000000e+00 1.902351319793991026e-03 0.000000000000000000e+00
9.658832241158698650e+00 0.000000000000000000e+00 0.000000000000000000e+00 1.925369435083849065e-03 0.000000000000000000e+00
1.035321843295661637e+01 0.000000000000000000e+00 0.000000000000000000e+00 1.966946265321299885e-03 0.000000000000000000e+00
1.109752496412072098e+01 0.000000000000000000e+00 0.000000000000000000e+00 1.984618220032003961e-03 0.000000000000000000e+00
1.189534067370319548e+01 0.000000000000000000e+00 0.000000000000000000e+00 2.033129267269451201e-03 0.000000000000000000e+00
1.275051240713012923e+01 0.000000000000000000e+00 0.000000000000000000e+00 2.050321079400938863e-03 0.000000000000000000e+00
1.366716356462005955e+01 0.000000000000000000e+00 0.000000000000000000e+00 2.071507536275593152e-03 0.000000000000000000e+00
1.464971398307284822e+01 0.000000000000000000e+00 0.000000000000000000e+00 2.075127575899659953e-03 0.000000000000000000e+00
1.570290124729377546e+01 0.000000000000000000e+00 0.000000000000000000e+00 2.128786124582273884e-03 0.000000000000000000e+00
1.683180353330956791e+01 0.000000000000000000e+00 0.000000000000000000e+00 2.141755233475779903e-03 0.000000000000000000e+00
1.804186409392071866e+01 0.000000000000000000e+00 0.000000000000000000e+00 2.174172649737478921e-03 0.000000000000000000e+00
1.933891750455230252e+01 0.000000000000000000e+00 0.000000000000000000e+00 2.194263918983635833e-03 0.000000000000000000e+00
2.072921779595369784e+01 0.000000000000000000e+00 0.000000000000000000e+00 2.204093651364858169e-03 0.000000000000000000e+00
2.221946860939523916e+01 0.000000000000000000e+00 0.000000000000000000e+00 2.214472070613382210e-03 0.000000000000000000e+00
2.381685551976158166e+01 0.000000000000000000e+00 0.000000000000000000e+00 2.226740474375211044e-03 0.000000000000000000e+00
2.552908068239516481e+01 0.000000000000000000e+00 0.000000000000000000e+00 2.219765528792857004e-03 0.000000000000000000e+00
2.736439997074669250e+01 0.000000000000000000e+00 0.000000000000000000e+00 2.205095081345880784e-03 0.000000000000000000e+00
2.933166278390042336e+01 0.000000000000000000e+00 0.000000000000000000e+00 2.203548923289804905e-03 0.000000000000000000e+00
3.144035471591499942e+01 0.000000000000000000e+00 0.000000000000000000e+00 2.182240333109531933e-03 0.000000000000000000e+00
3.370064329271928472e+01 0.000000000000000000e+00 0.000000000000000000e+00 2.153201381252565095e-03 0.000000000000000000e+00
3.612342699709430605e+01 0.000000000000000000e+00 0.000000000000000000e+00 2.121737510607975014e-03 0.000000000000000000e+00
3.872038781812553054e+01 0.000000000000000000e+00 0.000000000000000000e+00 2.093982599162916205e-03 0.000000000000000000e+00
4.150404757850472492e+01 0.000000000000000000e+00 0.000000000000000000e+00 2.036946920790966894e-03 0.000000000000000000e+00
4.448782831127585524e+01 0.000000000000000000e+00 0.000000000000000000e+00 1.987437099850609869e-03 0.000000000000000000e+00
4.768611697714469244e+01 0.000000000000000000e+00 0.000000000000000000e+00 1.931108098897970932e-03 0.000000000000000000e+00
5.111433483440165304e+01 0.000000000000000000e+00 0.000000000000000000e+00 1.885995220090259938e-03 0.000000000000000000e+00
5.478901179593939474e+01 0.000000000000000000e+00 0.000000000000000000e+00 1.820691444878910987e-03 0.000000000000000000e+00
5.872786613189477123e+01 0.000000000000000000e+00 0.000000000000000000e+00 1.756171169569577944e-03 0.000000000000000000e+00
6.294988990221887804e+01 0.000000000000000000e+00 0.000000000000000000e+00 1.705626853844842937e-03 0.000000000000000000e+00
6.747544053110692630e+01 0.000000000000000000e+00 0.000000000000000000e+00 1.637996744188954020e-03 0.000000000000000000e+00
7.232633896483532965e+01 0.000000000000000000e+00 0.000000000000000000e+00 1.581749546884667892e-03 0.000000000000000000e+00
7.752597488629456279e+01 0.000000000000000000e+00 0.000000000000000000e+00 1.515831592798457059e-03 0.000000000000000000e+00
8.309941949353387258e+01 0.000000000000000000e+00 0.000000000000000000e+00 1.465696170187928910e-03 0.000000000000000000e+00
8.907354638610439679e+01 0.000000000000000000e+00 0.000000000000000000e+00 1.398882627726650988e-03 0.000000000000000000e+00
9.547716114208056126e+01 0.000000000000000000e+00 0.000000000000000000e+00 1.339195870885407898e-03 0.000000000000000000e+00
1.023411402105452765e+02 0.000000000000000000e+00 0.000000000000000000e+00 1.285244709727432046e-03 0.000000000000000000e+00
1.096985797892384085e+02 0.000000000000000000e+00 0.000000000000000000e+00 1.219971246558900066e-03 0.000000000000000000e+00
1.175849554052155810e+02 0.000000000000000000e+00 0.000000000000000000e+00 1.162666684559223026e-03 0.000000000000000000e+00
1.260382929679727368e+02 0.000000000000000000e+00 0.000000000000000000e+00 1.113051210210350096e-03 0.000000000000000000e+00
1.350993521198025178e+02 0.000000000000000000e+00 0.000000000000000000e+00 1.059061408200008981e-03 0.000000000000000000e+00
1.448118227674532932e+02 0.000000000000000000e+00 0.000000000000000000e+00 1.010430831806739035e-03 0.000000000000000000e+00
1.552225357427047925e+02 0.000000000000000000e+00 0.000000000000000000e+00 9.644142883080982333e-04 0.000000000000000000e+00
1.663816886076127446e+02 0.000000000000000000e+00 0.000000000000000000e+00 9.129898853243002084e-04 0.000000000000000000e+00
1.783430876931909381e+02 0.000000000000000000e+00 0.000000000000000000e+00 8.688727028059424831e-04 0.000000000000000000e+00
1.911644075385699750e+02 0.000000000000000000e+00 0.000000000000000000e+00 8.258495473160512319e-04 0.000000000000000000e+00
2.049074689815846000e+02 0.000000000000000000e+00 0.000000000000000000e+00 7.816605389801368825e-04 0.000000000000000000e+00
2.196385372416546886e+02 0.000000000000000000e+00 0.000000000000000000e+00 7.426925754727584051e-04 0.000000000000000000e+00
2.354286414322415339e+02 0.000000000000000000e+00 0.000000000000000000e+00 7.050600972121727483e-04 0.000000000000000000e+00
2.523539170434765992e+02 0.000000000000000000e+00 0.000000000000000000e+00 6.658028285495394766e-04 0.000000000000000000e+00
2.704959730463131677e+02 0.000000000000000000e+00 0.000000000000000000e+00 6.337257968948955796e-04 0.000000000000000000e+00
2.899422853882875302e+02 0.000000000000000000e+00 0.000000000000000000e+00 5.989048397288058425e-04 0.000000000000000000e+00
3.107866187782013867e+02 0.000000000000000000e+00 0.000000000000000000e+00 5.657902346597935925e-04 0.000000000000000000e+00
3.331294787934670012e+02 0.000000000000000000e+00 0.000000000000000000e+00 5.365432054213471443e-04 0.000000000000000000e+00
3.570785964900462659e+02 0.000000000000000000e+00 0.000000000000000000e+00 5.070329499398183552e-04 0.000000000000000000e+00
3.827494478516307481e+02 0.000000000000000000e+00 0.000000000000000000e+00 4.799160565221291985e-04 0.000000000000000000e+00
4.102658105827190411e+02 0.000000000000000000e+00 0.000000000000000000e+00 4.555716635950746076e-04 0.000000000000000000e+00
4.397603609302720997e+02 0.000000000000000000e+00 0.000000000000000000e+00 4.275199881162288786e-04 0.000000000000000000e+00
4.713753134116719252e+02 0.000000000000000000e+00 0.000000000000000000e+00 4.037800767450383977e-04 0.000000000000000000e+00
5.052631065335679637e+02 0.000000000000000000e+00 0.000000000000000000e+00 3.823366646056713253e-04 0.000000000000000000e+00
5.415871378079465330e+02 0.000000000000000000e+00 0.000000000000000000e+00 3.611013324175090032e-04 0.000000000000000000e+00
5.805225516094895966e+02 0.000000000000000000e+00 0.000000000000000000e+00 3.396580129249174903e-04 0.000000000000000000e+00
6.222570836730230894e+02 0.000000000000000000e+00 0.000000000000000000e+00 3.208257887061319855e-04 0.000000000000000000e+00
6.669919663030115089e+02 0.000000000000000000e+00 0.000000000000000000e+00 3.033850997711273778e-04 0.000000000000000000e+00
7.149428986597577023e+02 0.000000000000000000e+00 0.000000000000000000e+00 2.857621254926721952e-04 0.000000000000000000e+00
7.663410868007447334e+02 0.000000000000000000e+00 0.000000000000000000e+00 2.695106283635662981e-04 0.000000000000000000e+00
8.214343584919421346e+02 0.000000000000000000e+00 0.000000000000000000e+00 2.545093436252716143e-04 0.000000000000000000e+00
8.804883581643464368e+02 0.000000000000000000e+00 0.000000000000000000e+00 2.398847311366273109e-04 0.000000000000000000e+00
9.437878277775371316e+02 0.000000000000000000e+00 0.000000000000000000e+00 2.259749493638668052e-04 0.000000000000000000e+00
1.011637979766207081e+03 0.000000000000000000e+00 0.000000000000000000e+00 2.136235531859070999e-04 0.000000000000000000e+00
1.084365968689608735e+03 0.000000000000000000e+00 0.000000000000000000e+00 2.015257311992782962e-04 0.000000000000000000e+00
1.162322468679851909e+03 0.000000000000000000e+00 0.000000000000000000e+00 1.892799000511166056e-04 0.000000000000000000e+00
1.245883364295008050e+03 0.000000000000000000e+00 0.000000000000000000e+00 1.774551263292848974e-04 0.000000000000000000e+00
1.335451562929897364e+03 0.000000000000000000e+00 0.000000000000000000e+00 1.669566372518693884e-04 0.000000000000000000e+00
1.431458937523478653e+03 0.000000000000000000e+00 0.000000000000000000e+00 1.581914199716295117e-04 0.000000000000000000e+00
1.534368408930009991e+03 0.000000000000000000e+00 0.000000000000000000e+00 1.492919687728869074e-04 0.000000000000000000e+00
1.644676177994662794e+03 0.000000000000000000e+00 0.000000000000000000e+00 1.406082797298629909e-04 0.000000000000000000e+00
1.762914118095947970e+03 0.000000000000000000e+00 0.000000000000000000e+00 1.318620417512831005e-04 0.000000000000000000e+00
1.889652339691207771e+03 0.000000000000000000e+00 0.000000000000000000e+00 1.243816729082402922e-04 0.000000000000000000e+00
2.025501939230666494e+03 0.000000000000000000e+00 0.000000000000000000e+00 1.167111749497946020e-04 0.000000000000000000e+00
2.171117945694501032e+03 0.000000000000000000e+00 0.000000000000000000e+00 1.103674278407313985e-04 0.000000000000000000e+00
2.327202478960407461e+03 0.000000000000000000e+00 0.000000000000000000e+00 1.035716635129769038e-04 0.000000000000000000e+00
2.494508135230316384e+03 0.000000000000000000e+00 0.000000000000000000e+00 9.791537400342859617e-05 0.000000000000000000e+00
2.673841615839944097e+03 0.000000000000000000e+00 0.000000000000000000e+00 9.190536215835547803e-05 0.000000000000000000e+00
2.866067616948250361e+03 0.000000000000000000e+00 0.000000000000000000e+00 8.636186802415017963e-05 0.000000000000000000e+00
3.072112998861752658e+03 0.000000000000000000e+00 0.000000000000000000e+00 8.149427707310682458e-05 0.000000000000000000e+00
3.292971255097148060e+03 0.000000000000000000e+00 0.000000000000000000e+00 7.650708645350536995e-05 0.000000000000000000e+00
3.529707302730650099e+03 0.000000000000000000e+00 0.000000000000000000e+00 7.179408918101405201e-05 0.000000000000000000e+00
3.783462617131925072e+03 0.000000000000000000e+00 0.000000000000000000e+00 6.786680478010207384e-05 0.000000000000000000e+00
4.055460735840827510e+03 0.000000000000000000e+00 0.000000000000000000e+00 6.376121041859333113e-05 0.000000000000000000e+00
4.347013158125017071e+03 0.000000000000000000e+00 0.000000000000000000e+00 5.999067678229445198e-05 0.000000000000000000e+00
4.659525668664677141e+03 0.000000000000000000e+00 0.000000000000000000e+00 5.640300556835080217e-05 0.000000000000000000e+00
4.994505115855139593e+03 0.000000000000000000e+00 0.000000000000000000e+00 5.297636020041738089e-05 0.000000000000000000e+00
5.353566677410718512e+03 0.000000000000000000e+00 0.000000000000000000e+00 4.997693075018055182e-05 0.000000000000000000e+00
5.738441648302392423e+03 0.000000000000000000e+00 0.000000000000000000e+00 4.682879129654942307e-05 0.000000000000000000e+00
6.150985788580504050e+03 0.000000000000000000e+00 0.000000000000000000e+00 4.410650509862464269e-05 0.000000000000000000e+00
6.593188271333541707e+03 0.000000000000000000e+00 0.000000000000000000e+00 4.146138302262673283e-05 0.000000000000000000e+00
7.067181273927491020e+03 0.000000000000000000e+00 0.000000000000000000e+00 3.889287112476594289e-05 0.000000000000000000e+00
7.575250258771904555e+03 0.000000000000000000e+00 0.000000000000000000e+00 3.654256206639000277e-05 0.000000000000000000e+00
8.119844993184008672e+03 0.000000000000000000e+00 0.000000000000000000e+00 3.435203415564022249e-05 0.000000000000000000e+00
8.703591361485165180e+03 0.000000000000000000e+00 0.000000000000000000e+00 3.233890116538039696e-05 0.000000000000000000e+00
9.329304026284677093e+03 0.000000000000000000e+00 0.000000000000000000e+00 3.050063339850249050e-05 0.000000000000000000e+00
1.000000000000000000e+04 0.000000000000000000e+00 0.000000000000000000e+00 2.868336337884378926e-05 0.000000000000000000e+00