1.000000000000000021e-02 0.000000000000000000e+00 0.000000000000000000e+00 0.000000000000000000e+00 0.000000000000000000e+00
1.071891319205127598e-02 0.000000000000000000e+00 0.000000000000000000e+00 0.000000000000000000e+00 0.000000000000000000e+00
1.148951000187309161e-02 0.000000000000000000e+00 0.000000000000000000e+00 0.000000000000000000e+00 0.000000000000000000e+00
1.231550603292825598e-02 0.000000000000000000e+00 0.000000000000000000e+00 0.000000000000000000e+00 0.000000000000000000e+00
1.320088400831418048e-02 0.000000000000000000e+00 0.000000000000000000e+00 0.000000000000000000e+00 0.000000000000000000e+00
1.414991297434575919e-02 0.000000000000000000e+00 0.000000000000000000e+00 0.000000000000000000e+00 0.000000000000000000e+00
1.516716888470922599e-02 0.000000000000000000e+00 0.000000000000000000e+00 0.000000000000000000e+00 0.000000000000000000e+00
1.625755666443794156e-02 0.000000000000000000e+00 0.000000000000000000e+00 0.000000000000000000e+00 0.000000000000000000e+00
1.742633386009649968e-02 0.000000000000000000e+00 0.000000000000000000e+00 0.000000000000000000e+00 0.000000000000000000e+00
1.867913599020782842e-02 0.000000000000000000e+00 0.000000000000000000e+00 0.000000000000000000e+00 0.000000000000000000e+00
2.002200371815584384e-02 0.000000000000000000e+00 0.000000000000000000e+00 0.000000000000000000e+00 0.000000000000000000e+00
2.146141197858403640e-02 0.000000000000000000e+00 0.000000000000000000e+00 0.000000000000000000e+00 0.000000000000000000e+00
2.300430119772918156e-02 0.000000000000000000e+00 0.000000000000000000e+00 0.000000000000000000e+00 0.000000000000000000e+00
2.465811075822602755e-02 0.000000000000000000e+00 0.000000000000000000e+00 0.000000000000000000e+00 0.000000000000000000e+00
2.643081486974105734e-02 0.000000000000000000e+00 0.000000000000000000e+00 0.000000000000000000e+00 0.000000000000000000e+00
2.833096101839324005e-02 0.000000000000000000e+00 0.000000000000000000e+00 0.000000000000000000e+00 0.000000000000000000e+00
3.036771118035457365e-02 0.000000000000000000e+00 0.000000000000000000e+00 0.000000000000000000e+00 0.000000000000000000e+00
3.255088599835058438e-02 0.000000000000000000e+00 0.000000000000000000e+00 0.000000000000000000e+00 0.000000000000000000e+00
3.489101213406773511e-02 0.000000000000000000e+00 0.000000000000000000e+00 0.000000000000000000e+00 0.000000000000000000e+00
3.739937302478797687e-02 0.000000000000000000e+00 0.000000000000000000e+00 0.000000000000000000e+00 0.000000000000000000e+00
4.008806328898464888e-02 0.000000000000000000e+00 0.000000000000000000e+00 2.600000000000000094e-06 4.560701700396551856e-07
4.297004704320839252e-02 0.000000000000000000e+00 0.000000000000000000e+00 2.015676775602407797e-05 1.786975636250518812e-06
4.605922041145105866e-02 0.000000000000000000e+00 0.000000000000000000e+00 9.789709970679566411e-05 4.250460241191321329e-06
4.937047852839003548e-02 0.000000000000000000e+00 0.000000000000000000e+00 4.662290774440717425e-04 1.119804874922420104e-05
5.291978735958442065e-02 0.000000000000000000e+00 0.000000000000000000e+00 3.039722129419298972e-03 1.785329689221200385e-05
5.672426068491977919e-02 0.000000000000000000e+00 0.000000000000000000e+00 7.607752211304727799e-03 1.577953223436249803e-05
6.080224261649420925e-02 0.000000000000000000e+00 0.000000000000000000e+00 1.599667825993120879e-02 5.272796841321670185e-05
6.517339604882423088e-02 0.000000000000000000e+00 0.000000000000000000e+00 2.837068016593750214e-02 7.293059446362338161e-05
6.985879746785249311e-02 0.000000000000000000e+00 0.000000000000000000e+00 4.355438638123828449e-02 8.079787286732401227e-05
7.488103857590022727e-02 0.000000000000000000e+00 0.000000000000000000e+00 5.992649081413486956e-02 6.547028565113594575e-05
8.026433522257174491e-02 0.000000000000000000e+00 0.000000000000000000e+00 7.564625246293713023e-02 6.796018245120742846e-05
8.603464416684500349e-02 0.000000000000000000e+00 0.000000000000000000e+00 8.793769693454121794e-02 1.634616002014578151e-04
9.221978823334327224e-02 0.000000000000000000e+00 0.000000000000000000e+00 9.628781443188275113e-02 1.576934566034313167e-04
9.884959046625586832e-02 0.000000000000000000e+00 0.000000000000000000e+00 1.007931849880796815e-01 1.343474186029961989e-04
1.059560179277615893e-01 0.000000000000000000e+00 0.000000000000000000e+00 1.009760308772528203e-01 8.292006234768220529e-05
1.135733358343105209e-01 0.000000000000000000e+00 0.000000000000000000e+00 9.748810901924741257e-02 1.470426335777372912e-04
1.217382727739661358e-01 0.000000000000000000e+00 0.000000000000000000e+00 9.168728703372311384e-02 9.357695731540767762e-05
1.304901978014402220e-01 0.000000000000000000e+00 0.000000000000000000e+00 8.550778391436836268e-02 1.479910792076859151e-04
1.398713102647237971e-01 0.000000000000000000e+00 0.000000000000000000e+00 7.672071645485994962e-02 1.269398374140162352e-04
1.499268432786045602e-01 0.000000000000000000e+00 0.000000000000000000e+00 6.864631542464469383e-02 6.223906684428044808e-05
1.607052818261638372e-01 0.000000000000000000e+00 0.000000000000000000e+00 6.051260309574996166e-02 1.284763948161662321e-04
1.722585965398786556e-01 0.000000000000000000e+00 0.000000000000000000e+00 5.332200467273786465e-02 7.435732707182634844e-05
1.846424942895543431e-01 0.000000000000000000e+00 0.000000000000000000e+00 4.572308028246620248e-02 6.506397127535411403e-05
1.979166867853556222e-01 0.000000000000000000e+00 0.000000000000000000e+00 3.921072577801579251e-02 1.308417392634160297e-04
2.121451784910629856e-01 0.000000000000000000e+00 0.000000000000000000e+00 3.365075760354081791e-02 7.649074004429725368e-05
2.273965752357927639e-01 0.000000000000000000e+00 0.000000000000000000e+00 2.901799056216430861e-02 7.005975636446876598e-05
2.437444150122220488e-01 0.000000000000000000e+00 0.000000000000000000e+00 2.455903267726749356e-02 7.212719017568224522e-05
2.612675225563327874e-01 0.000000000000000000e+00 0.000000000000000000e+00 2.106742413542933567e-02 1.596020919605680880e-05
2.800503894183630771e-01 0.000000000000000000e+00 0.000000000000000000e+00 1.806329214020659796e-02 3.917105531041731954e-05
3.001835813575589040e-01 0.000000000000000000e+00 0.000000000000000000e+00 1.550868999860651257e-02 3.746170928269754982e-05
3.217641750250735400e-01 0.000000000000000000e+00 0.000000000000000000e+00 1.336179605653271298e-02 3.916041386761614016e-05
3.448962260405757929e-01 0.000000000000000000e+00 0.000000000000000000e+00 1.153217894617627678e-02 4.239294900281794241e-05
3.696912707195026404e-01 0.000000000000000000e+00 0.000000000000000000e+00 1.004863025996532815e-02 1.560214787642920145e-05
3.962688638701478139e-01 0.000000000000000000e+00 0.000000000000000000e+00 8.829435917297814157e-03 3.094172570052269237e-05
4.247571552536898443e-01 0.000000000000000000e+00 0.000000000000000000e+00 7.775387865555547298e-03 2.596700191015850791e-05
4.552935074866947818e-01 0.000000000000000000e+00 0.000000000000000000e+00 7.003220788510060302e-03 1.579816527508132716e-05
4.880251583654431347e-01 0.000000000000000000e+00 0.000000000000000000e+00 6.250720860864723664e-03 2.153469326774821901e-05
5.231099308056260666e-01 0.000000000000000000e+00 0.000000000000000000e+00 5.633847666757339431e-03 2.308332726747802945e-05
5.607169938205458504e-01 0.000000000000000000e+00 0.000000000000000000e+00 5.099762568887671217e-03 3.147632505077911413e-05
6.010276782070381740e-01 0.000000000000000000e+00 0.000000000000000000e+00 4.679812497850029639e-03 1.183225442012376552e-05
6.442363508721370424e-01 0.000000000000000000e+00 0.000000000000000000e+00 4.380065765928364829e-03 1.093738560005836221e-05
6.905513520162327445e-01 0.000000000000000000e+00 0.000000000000000000e+00 4.082207069941423336e-03 7.318289656783505950e-06
7.401959996915641327e-01 0.000000000000000000e+00 0.000000000000000000e+00 3.843393064232245894e-03 1.168024231239431306e-05
7.934096665797492065e-01 0.000000000000000000e+00 0.000000000000000000e+00 3.604014299862124716e-03 1.127782354649525965e-05
8.504489341802676794e-01 0.000000000000000000e+00 0.000000000000000000e+00 3.426587850812711118e-03 2.765165839711204430e-05
9.115888299750818380e-01 0.000000000000000000e+00 0.000000000000000000e+00 3.264592689258739248e-03 2.662458219038499002e-05
9.771241535346496532e-01 0.000000000000000000e+00 0.000000000000000000e+00 3.141927134501904494e-03 7.667558909845238922e-06
1.047370897959449820e+00 0.000000000000000000e+00 0.000000000000000000e+00 3.016415625030264246e-03 1.034403595058545790e-05
1.122667773510813483e+00 0.000000000000000000e+00 0.000000000000000000e+00 2.906207874227092255e-03 1.374428604589672238e-05
1.203377840777589247e+00 0.000000000000000000e+00 0.000000000000000000e+00 2.816017871093331234e-03 7.918526999578583511e-06
1.289890261253308079e+00 0.000000000000000000e+00 0.000000000000000000e+00 2.737335272245911607e-03 4.442722527460681655e-06
1.382622173764654905e+00 0.000000000000000000e+00 0.000000000000000000e+00 2.609943169586394825e-03 1.855128517141084766e-05
1.482020705798858584e+00 0.000000000000000000e+00 0.000000000000000000e+00 2.541738886196938732e-03 7.945311915779264486e-06
1.588565129428052725e+00 0.000000000000000000e+00 0.000000000000000000e+00 2.494425378827975701e-03 9.544135667819094964e-06
1.702769172225899519e+00 0.000000000000000000e+00 0.000000000000000000e+00 2.427623121402737536e-03 9.373609261155403392e-06
1.825183494319042365e+00 0.000000000000000000e+00 0.000000000000000000e+00 2.326786279621501259e-03 1.668411843400970172e-05
1.956398343517062877e+00 0.000000000000000000e+00 0.000000000000000000e+00 2.264732740603997603e-03 5.022572109783557498e-06
2.097046401323232612e+00 0.000000000000000000e+00 0.000000000000000000e+00 2.188077312870461387e-03 1.373822873328870776e-05
2.247805833548725207e+00 0.000000000000000000e+00 0.000000000000000000e+00 2.202829430033104077e-03 9.041821789917681141e-06
2.409403560239524289e+00 0.000000000000000000e+00 0.000000000000000000e+00 2.158373234614933706e-03 8.816338709791264616e-06
2.582618760682674708e+00 0.000000000000000000e+00 0.000000000000000000e+00 2.101762076040487350e-03 6.517193700427246445e-06
2.768286630392063685e+00 0.000000000000000000e+00 0.000000000000000000e+00 2.053699068851956664e-03 7.340633778282886976e-06
2.967302408188869478e+00 0.000000000000000000e+00 0.000000000000000000e+00 1.994040609045627174e-03 7.583565697689831348e-06
3.180625692794118997e+00 0.000000000000000000e+00 0.000000000000000000e+00 1.954923451991798494e-03 8.032053877494307268e-06
3.409285069746811114e+00 0.000000000000000000e+00 0.000000000000000000e+00 1.917182360853344298e-03 6.988326142208723990e-06
3.654383070957254454e+00 0.000000000000000000e+00 0.000000000000000000e+00 1.866645893009291190e-03 7.141930583365789325e-06
3.917101490809256514e+00 0.000000000000000000e+00 0.000000000000000000e+00 1.829211464583865810e-03 5.373317035441923281e-06
4.198707084443910276e+00 0.000000000000000000e+00 0.000000000000000000e+00 1.794921816941815297e-03 1.028899222549487407e-05
4.500557675700497917e+00 0.000000000000000000e+00 0.000000000000000000e+00 1.758819665996121757e-03 3.443338179505625551e-06
4.824108704165368522e+00 0.000000000000000000e+00 0.000000000000000000e+00 1.719146614773916408e-03 5.909110570727613909e-06
5.170920242896754893e+00 0.000000000000000000e+00 0.000000000000000000e+00 1.680800617013638405e-03 5.393618786249167105e-06
5.542664520663101335e+00 0.000000000000000000e+00 0.000000000000000000e+00 1.654526403516146408e-03 4.476922865776686549e-06
5.941133984965033754e+00 0.000000000000000000e+00 0.000000000000000000e+00 1.636593722801348710e-03 3.856753193937633289e-06
6.368249944718586519e+00 0.000000000000000000e+00 0.000000000000000000e+00 1.587227967433145828e-03 2.079980620547965089e-06
6.826071834272386063e+00 0.000000000000000000e+00 0.000000000000000000e+00 1.571905422469158141e-03 2.783166574796194420e-06
7.316807143427192628e+00 0.000000000000000000e+00 0.000000000000000000e+00 1.546623593719279261e-03 4.931030237117249884e-06
7.842822061337681561e+00 0.000000000000000000e+00 0.000000000000000000e+00 1.519583919226428397e-03 1.829155601167894404e-06
8.406652885618324689e+00 0.000000000000000000e+00 0.000000000000000000e+00 1.494480889947441115e-03 3.147283889361198382e-06
9.011018251665019463e+00 0.000000000000000000e+00 0.000000000000000000e+00 1.473196871009372017e-03 1.144733516443559870e-06
9.658832241158698650e+00 0.000000000000000000e+00 0.000000000000000000e+00 1.447904160246189656e-03 3.088325689874235463e-06
1.035321843295661637e+01 0.000000000000000000e+00 0.000000000000000000e+00 1.416435871727478356e-03 5.086937894082834719e-06
1.109752496412072098e+01 0.000000000000000000e+00 0.000000000000000000e+00 1.397272300282153493e-03 2.912739893239391685e-06
1.189534067370319548e+01 0.000000000000000000e+00 0.000000000000000000e+00 1.373865747275064249e-03 2.888445602682936184e-06
1.275051240713012923e+01 0.000000000000000000e+00 0.000000000000000000e+00 1.338953960914928722e-03 1.747214118922047186e-06
1.366716356462005955e+01 0.000000000000000000e+00 0.000000000000000000e+00 1.312236823767619267e-03 2.672871151312959958e-06
1.464971398307284822e+01 0.000000000000000000e+00 0.000000000000000000e+00 1.293798764870229953e-03 2.019094589750026532e-06
1.570290124729377546e+01 0.000000000000000000e+00 0.000000000000000000e+00 1.258386267666269150e-03 1.103026202852309789e-06
1.683180353330956791e+01 0.000000000000000000e+00 0.000000000000000000e+00 1.231573917853181393e-03 1.254283965482505505e-06
1.804186409392071866e+01 0.000000000000000000e+00 0.000000000000000000e+00 1.195751562059182288e-03 2.103781203741405588e-06
1.933891750455230252e+01 0.000000000000000000e+00 0.000000000000000000e+00 1.166597339859396388e-03 1.119291996893712086e-06
2.072921779595369784e+01 0.000000000000000000e+00 0.000000000000000000e+00 1.135208701086076093e-03 2.844670304250143982e-06
2.221946860939523916e+01 0.000000000000000000e+00 0.000000000000000000e+00 1.101058568158794996e-03 1.177512263430772440e-06
2.381685551976158166e+01 0.000000000000000000e+00 0.000000000000000000e+00 1.068877607973521982e-03 1.286410462104702085e-06
2.552908068239516481e+01 0.000000000000000000e+00 0.000000000000000000e+00 1.037184819720305979e-03 8.434767150324114790e-07
2.736439997074669250e+01 0.000000000000000000e+00 0.000000000000000000e+00 1.002799378128855449e-03 1.154987826927682392e-06
2.933166278390042336e+01 0.000000000000000000e+00 0.000000000000000000e+00 9.693879804752693818e-04 2.312049565778281577e-06
3.144035471591499942e+01 0.000000000000000000e+00 0.000000000000000000e+00 9.311309247500597960e-04 1.132706875478249866e-06
3.370064329271928472e+01 0.000000000000000000e+00 0.000000000000000000e+00 8.981536785483970001e-04 1.288005184916752604e-06
3.612342699709430605e+01 0.000000000000000000e+00 0.000000000000000000e+00 8.626879050702724195e-04 1.901327207661062231e-06
3.872038781812553054e+01 0.000000000000000000e+00 0.000000000000000000e+00 8.300163364443766340e-04 1.185616460527137953e-06
4.150404757850472492e+01 0.000000000000000000e+00 0.000000000000000000e+00 7.970395386891453030e-04 4.301089497668103283e-07
4.448782831127585524e+01 0.000000000000000000e+00 0.000000000000000000e+00 7.625720945363962788e-04 1.010355293032637477e-06
4.768611697714469244e+01 0.000000000000000000e+00 0.000000000000000000e+00 7.317750727878298469e-04 1.065160662644145484e-06
5.111433483440165304e+01 0.000000000000000000e+00 0.000000000000000000e+00 6.997249431207756875e-04 7.726124142430119027e-07
5.478901179593939474e+01 0.000000000000000000e+00 0.000000000000000000e+00 6.680297593026387733e-04 7.153037892039536087e-07
5.872786613189477123e+01 0.000000000000000000e+00 0.000000000000000000e+00 6.384683175602828657e-04 6.778713002733602682e-07
6.294988990221887804e+01 0.000000000000000000e+00 0.000000000000000000e+00 6.092904424226996745e-04 2.679242512659799869e-07
6.747544053110692630e+01 0.000000000000000000e+00 0.000000000000000000e+00 5.806207027998277819e-04 6.240824827565935100e-07
7.232633896483532965e+01 0.000000000000000000e+00 0.000000000000000000e+00 5.526024118703591267e-04 8.620796190422955796e-07
7.752597488629456279e+01 0.000000000000000000e+00 0.000000000000000000e+00 5.255813432151724366e-04 6.576635356550158053e-07
8.309941949353387258e+01 0.000000000000000000e+00 0.000000000000000000e+00 4.998705337315872705e-04 8.987653002197841829e-07
8.907354638610439679e+01 0.000000000000000000e+00 0.000000000000000000e+00 4.757006375532158576e-04 5.071781056335246088e-07
9.547716114208056126e+01 0.000000000000000000e+00 0.000000000000000000e+00 4.498639184518201306e-04 5.410272094536069039e-07
1.023411402105452765e+02 0.000000000000000000e+00 0.000000000000000000e+00 4.280554032583197424e-04 3.234665042840921982e-07
1.096985797892384085e+02 0.000000000000000000e+00 0.000000000000000000e+00 4.045405449663412589e-04 4.898959571475140810e-07
1.175849554052155810e+02 0.000000000000000000e+00 0.000000000000000000e+00 3.818959551522644528e-04 4.758997678119207002e-07
1.260382929679727368e+02 0.000000000000000000e+00 0.000000000000000000e+00 3.633694711491305572e-04 4.288814907213268173e-07
1.350993521198025178e+02 0.000000000000000000e+00 0.000000000000000000e+00 3.431939743412813684e-04 2.915444435818431298e-07
1.448118227674532932e+02 0.000000000000000000e+00 0.000000000000000000e+00 3.246074787902440825e-04 3.077591895959719256e-07
1.552225357427047925e+02 0.000000000000000000e+00 0.000000000000000000e+00 3.061934620990314172e-04 4.871959397865093273e-07
1.663816886076127446e+02 0.000000000000000000e+00 0.000000000000000000e+00 2.895871551607035713e-04 3.115515270721525834e-07
1.783430876931909381e+02 0.000000000000000000e+00 0.000000000000000000e+00 2.731323815137471213e-04 2.569069131992267691e-07
1.911644075385699750e+02 0.000000000000000000e+00 0.000000000000000000e+00 2.578741206917767271e-04 1.880906460400215122e-07
2.049074689815846000e+02 0.000000000000000000e+00 0.000000000000000000e+00 2.426688179767170150e-04 1.387284009779556717e-07
2.196385372416546886e+02 0.000000000000000000e+00 0.000000000000000000e+00 2.285689018760005413e-04 2.956099528178756075e-07
2.354286414322415339e+02 0.000000000000000000e+00 0.000000000000000000e+00 2.157721075417925354e-04 1.402654751727299711e-07
2.523539170434765992e+02 0.000000000000000000e+00 0.000000000000000000e+00 2.030804803675243366e-04 3.201113703063177846e-07
2.704959730463131677e+02 0.000000000000000000e+00 0.000000000000000000e+00 1.910590579120180780e-04 2.233808280602228961e-07
2.899422853882875302e+02 0.000000000000000000e+00 0.000000000000000000e+00 1.799981567823035096e-04 1.555111110807872506e-07
3.107866187782013867e+02 0.000000000000000000e+00 0.000000000000000000e+00 1.692817708412446974e-04 2.034003094633461771e-07
3.331294787934670012e+02 0.000000000000000000e+00 0.000000000000000000e+00 1.590487149312555938e-04 1.102539458948662360e-07
3.570785964900462659e+02 0.000000000000000000e+00 0.000000000000000000e+00 1.494582999687308353e-04 1.307073516732098318e-07
3.827494478516307481e+02 0.000000000000000000e+00 0.000000000000000000e+00 1.407054797783497823e-04 1.555798387401169965e-07
4.102658105827190411e+02 0.000000000000000000e+00 0.000000000000000000e+00 1.322479415877237481e-04 1.071715964436039976e-07
4.397603609302720997e+02 0.000000000000000000e+00 0.000000000000000000e+00 1.239859000940585448e-04 1.647881385728521713e-07
4.713753134116719252e+02 0.000000000000000000e+00 0.000000000000000000e+00 1.162997075140851527e-04 1.813182236452195632e-07
5.052631065335679637e+02 0.000000000000000000e+00 0.000000000000000000e+00 1.092973946236616093e-04 1.555065740756002918e-07
5.415871378079465330e+02 0.000000000000000000e+00 0.000000000000000000e+00 1.024802765457341830e-04 6.739140878038983303e-08
5.805225516094895966e+02 0.000000000000000000e+00 0.000000000000000000e+00 9.598147504401882582e-05 6.011429386065940013e-08
6.222570836730230894e+02 0.000000000000000000e+00 0.000000000000000000e+00 9.012364005496092706e-05 1.241667332126297678e-07
6.669919663030115089e+02 0.000000000000000000e+00 0.000000000000000000e+00 8.457014439038938671e-05 1.443431204514007414e-07
7.149428986597577023e+02 0.000000000000000000e+00 0.000000000000000000e+00 7.921067726259880854e-05 5.639119453751734840e-08
7.663410868007447334e+02 0.000000000000000000e+00 0.000000000000000000e+00 7.415244781680878589e-05 5.477205744593546772e-08
8.214343584919421346e+02 0.000000000000000000e+00 0.000000000000000000e+00 6.970245268807557398e-05 9.619115568387957588e-08
8.804883581643464368e+02 0.000000000000000000e+00 0.000000000000000000e+00 6.528645328309035469e-05 4.641620572069466058e-08
9.437878277775371316e+02 0.000000000000000000e+00 0.000000000000000000e+00 6.109247655773540283e-05 4.350244992139879602e-08
1.011637979766207081e+03 0.000000000000000000e+00 0.000000000000000000e+00 5.738231604779892123e-05 1.041316889363513031e-07
1.084365968689608735e+03 0.000000000000000000e+00 0.000000000000000000e+00 5.375241313290945707e-05 5.477835605741292239e-08
1.162322468679851909e+03 0.000000000000000000e+00 0.000000000000000000e+00 5.027408057866705705e-05 2.703010865641869679e-08
1.245883364295008050e+03 0.000000000000000000e+00 0.000000000000000000e+00 4.686466935979364352e-05 4.889331697062146122e-08
1.335451562929897364e+03 0.000000000000000000e+00 0.000000000000000000e+00 4.370500757811279530e-05 4.168060903226339785e-08
1.431458937523478653e+03 0.000000000000000000e+00 0.000000000000000000e+00 4.112358274769136249e-05 4.316239854401338301e-08
1.534368408930009991e+03 0.000000000000000000e+00 0.000000000000000000e+00 3.856846904629818086e-05 2.180213785407166492e-08
1.644676177994662794e+03 0.000000000000000000e+00 0.000000000000000000e+00 3.618656791855412555e-05 4.545140522982099062e-08
1.762914118095947970e+03 0.000000000000000000e+00 0.000000000000000000e+00 3.373204456800031322e-05 2.250892904021816042e-08
1.889652339691207771e+03 0.000000000000000000e+00 0.000000000000000000e+00 3.158933550652226859e-05 3.057657583745893711e-08
2.025501939230666494e+03 0.000000000000000000e+00 0.000000000000000000e+00 2.946818020301794318e-05 4.735568664986786042e-08
2.171117945694501032e+03 0.000000000000000000e+00 0.000000000000000000e+00 2.760067770081148453e-05 4.122328079004566363e-08
2.327202478960407461e+03 0.000000000000000000e+00 0.000000000000000000e+00 2.580352532592975991e-05 1.184146686907474923e-08
2.494508135230316384e+03 0.000000000000000000e+00 0.000000000000000000e+00 2.419631439073598249e-05 3.247365760567968036e-08
2.673841615839944097e+03 0.000000000000000000e+00 0.000000000000000000e+00 2.259933685432568147e-05 3.656005824823207417e-08
2.866067616948250361e+03 0.000000000000000000e+00 0.000000000000000000e+00 2.102544180285082355e-05 2.853871184515514024e-08
3.072112998861752658e+03 0.000000000000000000e+00 0.000000000000000000e+00 1.974151202261504120e-05 2.758032813766279044e-08
3.292971255097148060e+03 0.000000000000000000e+00 0.000000000000000000e+00 1.849031654414377590e-05 1.713026495987427942e-08
3.529707302730650099e+03 0.000000000000000000e+00 0.000000000000000000e+00 1.724922251592719995e-05 2.351814332268847918e-08
3.783462617131925072e+03 0.000000000000000000e+00 0.000000000000000000e+00 1.610404989449493177e-05 1.658170093726883571e-08
4.055460735840827510e+03 0.000000000000000000e+00 0.000000000000000000e+00 1.505321796551450812e-05 1.831056387935334950e-08
4.347013158125017071e+03 0.000000000000000000e+00 0.000000000000000000e+00 1.409249604655021187e-05 1.796548807076751075e-08
4.659525668664677141e+03 0.000000000000000000e+00 0.000000000000000000e+00 1.314559564289807605e-05 1.529221608944448050e-08
4.994505115855139593e+03 0.000000000000000000e+00 0.000000000000000000e+00 1.232468520712513402e-05 4.364739092962967824e-09
5.353566677410718512e+03 0.000000000000000000e+00 0.000000000000000000e+00 1.152827556073968135e-05 9.450825324444302426e-09
5.738441648302392423e+03 0.000000000000000000e+00 0.000000000000000000e+00 1.076095290023245528e-05 1.769472906909230241e-08
6.150985788580504050e+03 0.000000000000000000e+00 0.000000000000000000e+00 1.003571135679814434e-05 8.018196422840775270e-09
6.593188271333541707e+03 0.000000000000000000e+00 0.000000000000000000e+00 9.387431563118793344e-06 7.533980445007249710e-09
7.067181273927491020e+03 0.000000000000000000e+00 0.000000000000000000e+00 8.767061420668275656e-06 4.809825543297540323e-09
7.575250258771904555e+03 0.000000000000000000e+00 0.000000000000000000e+00 8.194838555142309235e-06 1.054056906218941192e-08
8.119844993184008672e+03 0.000000000000000000e+00 0.000000000000000000e+00 7.672297015113101852e-06 7.116384413605979509e-09
8.703591361485165180e+03 0.000000000000000000e+00 0.000000000000000000e+00 7.160794565049984886e-06 1.006432339789523944e-08
9.329304026284677093e+03 0.000000000000000000e+00 0.000000000000000000e+00 6.678898439281722807e-06 9.181544995046852066e-09
1.000000000000000000e+04 0.000000000000000000e+00 0.000000000000000000e+00 6.254953386322238793e-06 4.710295124339844375e-09
