1.000000000000000021e-02 0.000000000000000000e+00 0.000000000000000000e+00 0.000000000000000000e+00 0.000000000000000000e+00
1.071891319205127598e-02 0.000000000000000000e+00 0.000000000000000000e+00 0.000000000000000000e+00 0.000000000000000000e+00
1.148951000187309161e-02 0.000000000000000000e+00 0.000000000000000000e+00 0.000000000000000000e+00 0.000000000000000000e+00
1.231550603292825598e-02 0.000000000000000000e+00 0.000000000000000000e+00 0.000000000000000000e+00 0.000000000000000000e+00
1.320088400831418048e-02 0.000000000000000000e+00 0.000000000000000000e+00 0.000000000000000000e+00 0.000000000000000000e+00
1.414991297434575919e-02 0.000000000000000000e+00 0.000000000000000000e+00 0.000000000000000000e+00 0.000000000000000000e+00
1.516716888470922599e-02 0.000000000000000000e+00 0.000000000000000000e+00 0.000000000000000000e+00 0.000000000000000000e+00
1.625755666443794156e-02 0.000000000000000000e+00 0.000000000000000000e+00 0.000000000000000000e+00 0.000000000000000000e+00
1.742633386009649968e-02 0.000000000000000000e+00 0.000000000000000000e+00 0.000000000000000000e+00 0.000000000000000000e+00
1.867913599020782842e-02 0.000000000000000000e+00 0.000000000000000000e+00 0.000000000000000000e+00 0.000000000000000000e+00
2.002200371815584384e-02 0.000000000000000000e+00 0.000000000000000000e+00 0.000000000000000000e+00 0.000000000000000000e+00
2.146141197858403640e-02 0.000000000000000000e+00 0.000000000000000000e+00 0.000000000000000000e+00 0.000000000000000000e+00
2.300430119772918156e-02 0.000000000000000000e+00 0.000000000000000000e+00 0.000000000000000000e+00 0.000000000000000000e+00
2.465811075822602755e-02 0.000000000000000000e+00 0.000000000000000000e+00 0.000000000000000000e+00 0.000000000000000000e+00
2.643081486974105734e-02 0.000000000000000000e+00 0.000000000000000000e+00 0.000000000000000000e+00 0.000000000000000000e+00
2.833096101839324005e-02 0.000000000000000000e+00 0.000000000000000000e+00 0.000000000000000000e+00 0.000000000000000000e+00
3.036771118035457365e-02 0.000000000000000000e+00 0.000000000000000000e+00 0.000000000000000000e+00 0.000000000000000000e+00
3.255088599835058438e-02 0.000000000000000000e+00 0.000000000000000000e+00 0.000000000000000000e+00 0.000000000000000000e+00
3.489101213406773511e-02 0.000000000000000000e+00 0.000000000000000000e+00 0.000000000000000000e+00 0.000000000000000000e+00
3.739937302478797687e-02 0.000000000000000000e+00 0.000000000000000000e+00 0.000000000000000000e+00 0.000000000000000000e+00
4.008806328898464888e-02 0.000000000000000000e+00 0.000000000000000000e+00 0.000000000000000000e+00 0.000000000000000000e+00
4.297004704320839252e-02 0.000000000000000000e+00 0.000000000000000000e+00 0.000000000000000000e+00 0.000000000000000000e+00
4.605922041145105866e-02 0.000000000000000000e+00 0.000000000000000000e+00 0.000000000000000000e+00 0.000000000000000000e+00
4.937047852839003548e-02 0.000000000000000000e+00 0.000000000000000000e+00 0.000000000000000000e+00 0.000000000000000000e+00
5.291978735958442065e-02 0.000000000000000000e+00 0.000000000000000000e+00 0.000000000000000000e+00 0.000000000000000000e+00
5.672426068491977919e-02 0.000000000000000000e+00 0.000000000000000000e+00 0.000000000000000000e+00 0.000000000000000000e+00
6.080224261649420925e-02 0.000000000000000000e+00 0.000000000000000000e+00 0.000000000000000000e+00 0.000000000000000000e+00
6.517339604882423088e-02 0.000000000000000000e+00 0.000000000000000000e+00 1.000000000000001014e-06 0.000000000000000000e+00
6.985879746785249311e-02 0.000000000000000000e+00 0.000000000000000000e+00 1.999999999999999062e-06 0.000000000000000000e+00
7.488103857590022727e-02 0.000000000000000000e+00 0.000000000000000000e+00 0.000000000000000000e+00 0.000000000000000000e+00
8.026433522257174491e-02 0.000000000000000000e+00 0.000000000000000000e+00 0.000000000000000000e+00 0.000000000000000000e+00
8.603464416684500349e-02 0.000000000000000000e+00 0.000000000000000000e+00 0.000000000000000000e+00 0.000000000000000000e+00
9.221978823334327224e-02 0.000000000000000000e+00 0.000000000000000000e+00 0.000000000000000000e+00 0.000000000000000000e+00
9.884959046625586832e-02 0.000000000000000000e+00 0.000000000000000000e+00 0.000000000000000000e+00 0.000000000000000000e+00
1.059560179277615893e-01 0.000000000000000000e+00 0.000000000000000000e+00 0.000000000000000000e+00 0.000000000000000000e+00
1.135733358343105209e-01 0.000000000000000000e+00 0.000000000000000000e+00 0.000000000000000000e+00 0.000000000000000000e+00
1.217382727739661358e-01 0.000000000000000000e+00 0.000000000000000000e+00 9.999999999999999547e-07 0.000000000000000000e+00
1.304901978014402220e-01 0.000000000000000000e+00 0.000000000000000000e+00 7.965762138366699741e-06 0.000000000000000000e+00
1.398713102647237971e-01 0.000000000000000000e+00 0.000000000000000000e+00 2.410358649492265123e-05 0.000000000000000000e+00
1.499268432786045602e-01 0.000000000000000000e+00 0.000000000000000000e+00 8.383789023756989050e-05 0.000000000000000000e+00
1.607052818261638372e-01 0.000000000000000000e+00 0.000000000000000000e+00 2.223652632947296904e-04 0.000000000000000000e+00
1.722585965398786556e-01 0.000000000000000000e+00 0.000000000000000000e+00 4.321901239569083167e-04 0.000000000000000000e+00
1.846424942895543431e-01 0.000000000000000000e+00 0.000000000000000000e+00 9.101733614636040720e-04 0.000000000000000000e+00
1.979166867853556222e-01 0.000000000000000000e+00 0.000000000000000000e+00 1.469123675822585091e-03 0.000000000000000000e+00
2.121451784910629856e-01 0.000000000000000000e+00 0.000000000000000000e+00 2.259196838898840792e-03 0.000000000000000000e+00
2.273965752357927639e-01 0.000000000000000000e+00 0.000000000000000000e+00 3.014271798103508853e-03 0.000000000000000000e+00
2.437444150122220488e-01 0.000000000000000000e+00 0.000000000000000000e+00 3.790176469689815822e-03 0.000000000000000000e+00
2.612675225563327874e-01 0.000000000000000000e+00 0.000000000000000000e+00 4.419308576072787827e-03 0.000000000000000000e+00
2.800503894183630771e-01 0.000000000000000000e+00 0.000000000000000000e+00 5.113411947659693771e-03 0.000000000000000000e+00
3.001835813575589040e-01 0.000000000000000000e+00 0.000000000000000000e+00 5.558012848150504885e-03 0.000000000000000000e+00
3.217641750250735400e-01 0.000000000000000000e+00 0.000000000000000000e+00 5.824985428058789341e-03 0.000000000000000000e+00
3.448962260405757929e-01 0.000000000000000000e+00 0.000000000000000000e+00 5.980519357332032999e-03 0.000000000000000000e+00
3.696912707195026404e-01 0.000000000000000000e+00 0.000000000000000000e+00 6.057334132009197999e-03 0.000000000000000000e+00
3.962688638701478139e-01 0.000000000000000000e+00 0.000000000000000000e+00 6.048401963590195607e-03 0.000000000000000000e+00
4.247571552536898443e-01 0.000000000000000000e+00 0.000000000000000000e+00 5.967158727816126995e-03 0.000000000000000000e+00
4.552935074866947818e-01 0.000000000000000000e+00 0.000000000000000000e+00 5.732191728049423896e-03 0.000000000000000000e+00
4.880251583654431347e-01 0.000000000000000000e+00 0.000000000000000000e+00 5.521363495986152808e-03 0.000000000000000000e+00
5.231099308056260666e-01 0.000000000000000000e+00 0.000000000000000000e+00 5.349220403303057633e-03 0.000000000000000000e+00
5.607169938205458504e-01 0.000000000000000000e+00 0.000000000000000000e+00 5.014229829382308747e-03 0.000000000000000000e+00
6.010276782070381740e-01 0.000000000000000000e+00 0.000000000000000000e+00 4.877770927314415382e-03 0.000000000000000000e+00
6.442363508721370424e-01 0.000000000000000000e+00 0.000000000000000000e+00 4.559357371139344944e-03 0.000000000000000000e+00
6.905513520162327445e-01 0.000000000000000000e+00 0.000000000000000000e+00 4.351961241673066652e-03 0.000000000000000000e+00
7.401959996915641327e-01 0.000000000000000000e+00 0.000000000000000000e+00 4.222780970075029616e-03 0.000000000000000000e+00
7.934096665797492065e-01 0.000000000000000000e+00 0.000000000000000000e+00 4.060202051944900373e-03 0.000000000000000000e+00
8.504489341802676794e-01 0.000000000000000000e+00 0.000000000000000000e+00 3.857183388471224945e-03 0.000000000000000000e+00
9.115888299750818380e-01 0.000000000000000000e+00 0.000000000000000000e+00 3.486237214618501893e-03 0.000000000000000000e+00
9.771241535346496532e-01 0.000000000000000000e+00 0.000000000000000000e+00 3.393794300068578816e-03 0.000000000000000000e+00
1.047370897959449820e+00 0.000000000000000000e+00 0.000000000000000000e+00 3.232135880501620095e-03 0.000000000000000000e+00
1.122667773510813483e+00 0.000000000000000000e+00 0.000000000000000000e+00 3.111923241181081996e-03 0.000000000000000000e+00
1.203377840777589247e+00 0.000000000000000000e+00 0.000000000000000000e+00 2.948820773692579188e-03 0.000000000000000000e+00
1.289890261253308079e+00 0.000000000000000000e+00 0.000000000000000000e+00 2.750480663597885001e-03 0.000000000000000000e+00
1.382622173764654905e+00 0.000000000000000000e+00 0.000000000000000000e+00 2.648201351498294213e-03 0.000000000000000000e+00
1.482020705798858584e+00 0.000000000000000000e+00 0.000000000000000000e+00 2.488783595312041037e-03 0.000000000000000000e+00
1.588565129428052725e+00 0.000000000000000000e+00 0.000000000000000000e+00 2.349987592071685078e-03 0.000000000000000000e+00
1.702769172225899519e+00 0.000000000000000000e+00 0.000000000000000000e+00 2.273761910211525954e-03 0.000000000000000000e+00
1.825183494319042365e+00 0.000000000000000000e+00 0.000000000000000000e+00 2.177500768889349073e-03 0.000000000000000000e+00
1.956398343517062877e+00 0.000000000000000000e+00 0.000000000000000000e+00 2.084750278607674055e-03 0.000000000000000000e+00
2.097046401323232612e+00 0.000000000000000000e+00 0.000000000000000000e+00 2.040155962658331181e-03 0.000000000000000000e+00
2.247805833548725207e+00 0.000000000000000000e+00 0.000000000000000000e+00 2.024307209629011995e-03 0.000000000000000000e+00
2.409403560239524289e+00 0.000000000000000000e+00 0.000000000000000000e+00 1.978274714304621013e-03 0.000000000000000000e+00
2.582618760682674708e+00 0.000000000000000000e+00 0.000000000000000000e+00 1.936740079617840912e-03 0.000000000000000000e+00
2.768286630392063685e+00 0.000000000000000000e+00 0.000000000000000000e+00 1.932725962043491900e-03 0.000000000000000000e+00
2.967302408188869478e+00 0.000000000000000000e+00 0.000000000000000000e+00 1.894129615338503063e-03 0.000000000000000000e+00
3.180625692794118997e+00 0.000000000000000000e+00 0.000000000000000000e+00 1.900611377497147007e-03 0.000000000000000000e+00
3.409285069746811114e+00 0.000000000000000000e+00 0.000000000000000000e+00 1.872022359570190992e-03 0.000000000000000000e+00
3.654383070957254454e+00 0.000000000000000000e+00 0.000000000000000000e+00 1.914223488148883998e-03 0.000000000000000000e+00
3.917101490809256514e+00 0.000000000000000000e+00 0.000000000000000000e+00 1.891537916983117903e-03 0.000000000000000000e+00
4.198707084443910276e+00 0.000000000000000000e+00 0.000000000000000000e+00 1.897223517590872904e-03 0.000000000000000000e+00
4.500557675700497917e+00 0.000000000000000000e+00 0.000000000000000000e+00 1.898534682837344075e-03 0.000000000000000000e+00
4.824108704165368522e+00 0.000000000000000000e+00 0.000000000000000000e+00 1.933315414010879953e-03 0.000000000000000000e+00
5.170920242896754893e+00 0.000000000000000000e+00 0.000000000000000000e+00 1.962001990818877141e-03 0.000000000000000000e+00
5.542664520663101335e+00 0.000000000000000000e+00 0.000000000000000000e+00 1.972083336857177044e-03 0.000000000000000000e+00
5.941133984965033754e+00 0.000000000000000000e+00 0.000000000000000000e+00 1.977449014030165965e-03 0.000000000000000000e+00
6.368249944718586519e+00 0.000000000000000000e+00 0.000000000000000000e+00 2.041879413382238946e-03 0.000000000000000000e+00
6.826071834272386063e+00 0.000000000000000000e+00 0.000000000000000000e+00 2.112549756731152157e-03 0.000000000000000000e+00
7.316807143427192628e+00 0.000000000000000000e+00 0.000000000000000000e+00 2.134284346409079988e-03 0.000000000000000000e+00
7.842822061337681561e+00 0.000000000000000000e+00 0.000000000000000000e+00 2.169687116696591197e-03 0.000000000000000000e+00
8.406652885618324689e+00 0.000000000000000000e+00 0.000000000000000000e+00 2.234662262357849094e-03 0.000000000000000000e+00
9.011018251665019463e+00 0.000000000000000000e+00 0.000000000000000000e+00 2.289384644910818969e-03 0.000000000000000000e+00
9.658832241158698650e+00 0.000000000000000000e+00 0.000000000000000000e+00 2.340002977169730863e-03 0.000000000000000000e+00
1.035321843295661637e+01 0.000000000000000000e+00 0.000000000000000000e+00 2.397572898094698160e-03 0.000000000000000000e+00
1.109752496412072098e+01 0.000000000000000000e+00 0.000000000000000000e+00 2.435361964757682199e-03 0.000000000000000000e+00
1.189534067370319548e+01 0.000000000000000000e+00 0.000000000000000000e+00 2.488480696517701967e-03 0.000000000000000000e+00
1.275051240713012923e+01 0.000000000000000000e+00 0.000000000000000000e+00 2.577563709713423176e-03 0.000000000000000000e+00
1.366716356462005955e+01 0.000000000000000000e+00 0.000000000000000000e+00 2.648433958467466803e-03 0.000000000000000000e+00
1.464971398307284822e+01 0.000000000000000000e+00 0.000000000000000000e+00 2.667610379690959176e-03 0.000000000000000000e+00
1.570290124729377546e+01 0.000000000000000000e+00 0.000000000000000000e+00 2.692163275560943876e-03 0.000000000000000000e+00
1.683180353330956791e+01 0.000000000000000000e+00 0.000000000000000000e+00 2.744612031775557019e-03 0.000000000000000000e+00
1.804186409392071866e+01 0.000000000000000000e+00 0.000000000000000000e+00 2.799834594454030014e-03 0.000000000000000000e+00
1.933891750455230252e+01 0.000000000000000000e+00 0.000000000000000000e+00 2.821551062897660004e-03 0.000000000000000000e+00
2.072921779595369784e+01 0.000000000000000000e+00 0.000000000000000000e+00 2.848775656236425882e-03 0.000000000000000000e+00
2.221946860939523916e+01 0.000000000000000000e+00 0.000000000000000000e+00 2.839479057096582892e-03 0.000000000000000000e+00
2.381685551976158166e+01 0.000000000000000000e+00 0.000000000000000000e+00 2.843013811245612057e-03 0.000000000000000000e+00
2.552908068239516481e+01 0.000000000000000000e+00 0.000000000000000000e+00 2.832011337148295123e-03 0.000000000000000000e+00
2.736439997074669250e+01 0.000000000000000000e+00 0.000000000000000000e+00 2.793312881150243100e-03 0.000000000000000000e+00
2.933166278390042336e+01 0.000000000000000000e+00 0.000000000000000000e+00 2.761498127400759030e-03 0.000000000000000000e+00
3.144035471591499942e+01 0.000000000000000000e+00 0.000000000000000000e+00 2.722274847269376841e-03 0.000000000000000000e+00
3.370064329271928472e+01 0.000000000000000000e+00 0.000000000000000000e+00 2.674628384291363997e-03 0.000000000000000000e+00
3.612342699709430605e+01 0.000000000000000000e+00 0.000000000000000000e+00 2.597164134569474817e-03 0.000000000000000000e+00
3.872038781812553054e+01 0.000000000000000000e+00 0.000000000000000000e+00 2.535736277930850015e-03 0.000000000000000000e+00
4.150404757850472492e+01 0.000000000000000000e+00 0.000000000000000000e+00 2.459795600686502139e-03 0.000000000000000000e+00
4.448782831127585524e+01 0.000000000000000000e+00 0.000000000000000000e+00 2.386030617823906973e-03 0.000000000000000000e+00
4.768611697714469244e+01 0.000000000000000000e+00 0.000000000000000000e+00 2.302264268800383908e-03 0.000000000000000000e+00
5.111433483440165304e+01 0.000000000000000000e+00 0.000000000000000000e+00 2.227430705265542009e-03 0.000000000000000000e+00
5.478901179593939474e+01 0.000000000000000000e+00 0.000000000000000000e+00 2.132352734796972085e-03 0.000000000000000000e+00
5.872786613189477123e+01 0.000000000000000000e+00 0.000000000000000000e+00 2.054505748279891048e-03 0.000000000000000000e+00
6.294988990221887804e+01 0.000000000000000000e+00 0.000000000000000000e+00 1.979401190784501035e-03 0.000000000000000000e+00
6.747544053110692630e+01 0.000000000000000000e+00 0.000000000000000000e+00 1.888716616077283075e-03 0.000000000000000000e+00
7.232633896483532965e+01 0.000000000000000000e+00 0.000000000000000000e+00 1.808431977954019949e-03 0.000000000000000000e+00
7.752597488629456279e+01 0.000000000000000000e+00 0.000000000000000000e+00 1.736320713780936014e-03 0.000000000000000000e+00
8.309941949353387258e+01 0.000000000000000000e+00 0.000000000000000000e+00 1.657851296500577028e-03 0.000000000000000000e+00
8.907354638610439679e+01 0.000000000000000000e+00 0.000000000000000000e+00 1.575370458077084927e-03 0.000000000000000000e+00
9.547716114208056126e+01 0.000000000000000000e+00 0.000000000000000000e+00 1.504481177517314004e-03 0.000000000000000000e+00
1.023411402105452765e+02 0.000000000000000000e+00 0.000000000000000000e+00 1.441490279094768045e-03 0.000000000000000000e+00
1.096985797892384085e+02 0.000000000000000000e+00 0.000000000000000000e+00 1.369359615614189948e-03 0.000000000000000000e+00
1.175849554052155810e+02 0.000000000000000000e+00 0.000000000000000000e+00 1.302768851152122029e-03 0.000000000000000000e+00
1.260382929679727368e+02 0.000000000000000000e+00 0.000000000000000000e+00 1.237255478496475988e-03 0.000000000000000000e+00
1.350993521198025178e+02 0.000000000000000000e+00 0.000000000000000000e+00 1.173304439202679014e-03 0.000000000000000000e+00
1.448118227674532932e+02 0.000000000000000000e+00 0.000000000000000000e+00 1.117531649370210982e-03 0.000000000000000000e+00
1.552225357427047925e+02 0.000000000000000000e+00 0.000000000000000000e+00 1.061473635540405086e-03 0.000000000000000000e+00
1.663816886076127446e+02 0.000000000000000000e+00 0.000000000000000000e+00 1.007897465754819047e-03 0.000000000000000000e+00
1.783430876931909381e+02 0.000000000000000000e+00 0.000000000000000000e+00 9.527195517653225428e-04 0.000000000000000000e+00
1.911644075385699750e+02 0.000000000000000000e+00 0.000000000000000000e+00 9.049469520777599519e-04 0.000000000000000000e+00
2.049074689815846000e+02 0.000000000000000000e+00 0.000000000000000000e+00 8.564289634808191142e-04 0.000000000000000000e+00
2.196385372416546886e+02 0.000000000000000000e+00 0.000000000000000000e+00 8.103833152651924478e-04 0.000000000000000000e+00
2.354286414322415339e+02 0.000000000000000000e+00 0.000000000000000000e+00 7.707506718583971008e-04 0.000000000000000000e+00
2.523539170434765992e+02 0.000000000000000000e+00 0.000000000000000000e+00 7.288016921004628274e-04 0.000000000000000000e+00
2.704959730463131677e+02 0.000000000000000000e+00 0.000000000000000000e+00 6.875957674952914338e-04 0.000000000000000000e+00
2.899422853882875302e+02 0.000000000000000000e+00 0.000000000000000000e+00 6.512114546907759802e-04 0.000000000000000000e+00
3.107866187782013867e+02 0.000000000000000000e+00 0.000000000000000000e+00 6.141625349870872023e-04 0.000000000000000000e+00
3.331294787934670012e+02 0.000000000000000000e+00 0.000000000000000000e+00 5.805101289289310183e-04 0.000000000000000000e+00
3.570785964900462659e+02 0.000000000000000000e+00 0.000000000000000000e+00 5.509166886913303453e-04 0.000000000000000000e+00
3.827494478516307481e+02 0.000000000000000000e+00 0.000000000000000000e+00 5.180912910825228148e-04 0.000000000000000000e+00
4.102658105827190411e+02 0.000000000000000000e+00 0.000000000000000000e+00 4.905371786288104021e-04 0.000000000000000000e+00
4.397603609302720997e+02 0.000000000000000000e+00 0.000000000000000000e+00 4.636016489092853097e-04 0.000000000000000000e+00
4.713753134116719252e+02 0.000000000000000000e+00 0.000000000000000000e+00 4.381221358334283175e-04 0.000000000000000000e+00
5.052631065335679637e+02 0.000000000000000000e+00 0.000000000000000000e+00 4.142772758972020075e-04 0.000000000000000000e+00
5.415871378079465330e+02 0.000000000000000000e+00 0.000000000000000000e+00 3.879991730302909786e-04 0.000000000000000000e+00
5.805225516094895966e+02 0.000000000000000000e+00 0.000000000000000000e+00 3.657712916917459848e-04 0.000000000000000000e+00
6.222570836730230894e+02 0.000000000000000000e+00 0.000000000000000000e+00 3.465835085643060903e-04 0.000000000000000000e+00
6.669919663030115089e+02 0.000000000000000000e+00 0.000000000000000000e+00 3.288420224841514020e-04 0.000000000000000000e+00
7.149428986597577023e+02 0.000000000000000000e+00 0.000000000000000000e+00 3.087567367884683266e-04 0.000000000000000000e+00
7.663410868007447334e+02 0.000000000000000000e+00 0.000000000000000000e+00 2.915841982786326132e-04 0.000000000000000000e+00
8.214343584919421346e+02 0.000000000000000000e+00 0.000000000000000000e+00 2.747723205592228881e-04 0.000000000000000000e+00
8.804883581643464368e+02 0.000000000000000000e+00 0.000000000000000000e+00 2.584643255793578776e-04 0.000000000000000000e+00
9.437878277775371316e+02 0.000000000000000000e+00 0.000000000000000000e+00 2.440135401341542100e-04 0.000000000000000000e+00
1.011637979766207081e+03 0.000000000000000000e+00 0.000000000000000000e+00 2.302606288560169097e-04 0.000000000000000000e+00
1.084365968689608735e+03 0.000000000000000000e+00 0.000000000000000000e+00 2.182846060346676120e-04 0.000000000000000000e+00
1.162322468679851909e+03 0.000000000000000000e+00 0.000000000000000000e+00 2.048494397107911104e-04 0.000000000000000000e+00
1.245883364295008050e+03 0.000000000000000000e+00 0.000000000000000000e+00 1.922137078779669072e-04 0.000000000000000000e+00
1.335451562929897364e+03 0.000000000000000000e+00 0.000000000000000000e+00 1.807403519727575065e-04 0.000000000000000000e+00
1.431458937523478653e+03 0.000000000000000000e+00 0.000000000000000000e+00 1.715197340127524030e-04 0.000000000000000000e+00
1.534368408930009991e+03 0.000000000000000000e+00 0.000000000000000000e+00 1.615686366638834873e-04 0.000000000000000000e+00
1.644676177994662794e+03 0.000000000000000000e+00 0.000000000000000000e+00 1.526208996931573895e-04 0.000000000000000000e+00
1.762914118095947970e+03 0.000000000000000000e+00 0.000000000000000000e+00 1.434202460436981980e-04 0.000000000000000000e+00
1.889652339691207771e+03 0.000000000000000000e+00 0.000000000000000000e+00 1.347840157926353090e-04 0.000000000000000000e+00
2.025501939230666494e+03 0.000000000000000000e+00 0.000000000000000000e+00 1.268227906486569102e-04 0.000000000000000000e+00
2.171117945694501032e+03 0.000000000000000000e+00 0.000000000000000000e+00 1.195775651572141967e-04 0.000000000000000000e+00
2.327202478960407461e+03 0.000000000000000000e+00 0.000000000000000000e+00 1.126555098428346017e-04 0.000000000000000000e+00
2.494508135230316384e+03 0.000000000000000000e+00 0.000000000000000000e+00 1.062388948421156979e-04 0.000000000000000000e+00
2.673841615839944097e+03 0.000000000000000000e+00 0.000000000000000000e+00 1.000807430420351990e-04 0.000000000000000000e+00
2.866067616948250361e+03 0.000000000000000000e+00 0.000000000000000000e+00 9.419145736084074847e-05 0.000000000000000000e+00
3.072112998861752658e+03 0.000000000000000000e+00 0.000000000000000000e+00 8.858038570679000248e-05 0.000000000000000000e+00
3.292971255097148060e+03 0.000000000000000000e+00 0.000000000000000000e+00 8.352229441218948335e-05 0.000000000000000000e+00
3.529707302730650099e+03 0.000000000000000000e+00 0.000000000000000000e+00 7.866447070980363179e-05 0.000000000000000000e+00
3.783462617131925072e+03 0.000000000000000000e+00 0.000000000000000000e+00 7.397906920232159833e-05 0.000000000000000000e+00
4.055460735840827510e+03 0.000000000000000000e+00 0.000000000000000000e+00 6.969492479800111842e-05 0.000000000000000000e+00
4.347013158125017071e+03 0.000000000000000000e+00 0.000000000000000000e+00 6.547610165142860202e-05 0.000000000000000000e+00
4.659525668664677141e+03 0.000000000000000000e+00 0.000000000000000000e+00 6.168186514923309105e-05 0.000000000000000000e+00
4.994505115855139593e+03 0.000000000000000000e+00 0.000000000000000000e+00 5.820043837964901330e-05 0.000000000000000000e+00
5.353566677410718512e+03 0.000000000000000000e+00 0.000000000000000000e+00 5.474402132282135995e-05 0.000000000000000000e+00
5.738441648302392423e+03 0.000000000000000000e+00 0.000000000000000000e+00 5.124102047807482210e-05 0.000000000000000000e+00
6.150985788580504050e+03 0.000000000000000000e+00 0.000000000000000000e+00 4.840139787482226755e-05 0.000000000000000000e+00
6.593188271333541707e+03 0.000000000000000000e+00 0.000000000000000000e+00 4.552453467962948292e-05 0.000000000000000000e+00
7.067181273927491020e+03 0.000000000000000000e+00 0.000000000000000000e+00 4.279567007313014686e-05 0.000000000000000000e+00
7.575250258771904555e+03 0.000000000000000000e+00 0.000000000000000000e+00 4.036653097485348778e-05 0.000000000000000000e+00
8.119844993184008672e+03 0.000000000000000000e+00 0.000000000000000000e+00 3.802158406764680052e-05 0.000000000000000000e+00
8.703591361485165180e+03 0.000000000000000000e+00 0.000000000000000000e+00 3.574288443162981175e-05 0.000000000000000000e+00
9.329304026284677093e+03 0.000000000000000000e+00 0.000000000000000000e+00 3.356454319941180111e-05 0.000000000000000000e+00
1.000000000000000000e+04 0.000000000000000000e+00 0.000000000000000000e+00 3.156140090321752262e-05 0.000000000000000000e+00