1.000000000000000021e-02 0.000000000000000000e+00 0.000000000000000000e+00 0.000000000000000000e+00 0.000000000000000000e+00
1.071891319205127598e-02 0.000000000000000000e+00 0.000000000000000000e+00 0.000000000000000000e+00 0.000000000000000000e+00
1.148951000187309161e-02 0.000000000000000000e+00 0.000000000000000000e+00 0.000000000000000000e+00 0.000000000000000000e+00
1.231550603292825598e-02 0.000000000000000000e+00 0.000000000000000000e+00 0.000000000000000000e+00 0.000000000000000000e+00
1.320088400831418048e-02 0.000000000000000000e+00 0.000000000000000000e+00 0.000000000000000000e+00 0.000000000000000000e+00
1.414991297434575919e-02 0.000000000000000000e+00 0.000000000000000000e+00 0.000000000000000000e+00 0.000000000000000000e+00
1.516716888470922599e-02 0.000000000000000000e+00 0.000000000000000000e+00 0.000000000000000000e+00 0.000000000000000000e+00
1.625755666443794156e-02 0.000000000000000000e+00 0.000000000000000000e+00 0.000000000000000000e+00 0.000000000000000000e+00
1.742633386009649968e-02 0.000000000000000000e+00 0.000000000000000000e+00 0.000000000000000000e+00 0.000000000000000000e+00
1.867913599020782842e-02 0.000000000000000000e+00 0.000000000000000000e+00 0.000000000000000000e+00 0.000000000000000000e+00
2.002200371815584384e-02 0.000000000000000000e+00 0.000000000000000000e+00 0.000000000000000000e+00 0.000000000000000000e+00
2.146141197858403640e-02 0.000000000000000000e+00 0.000000000000000000e+00 0.000000000000000000e+00 0.000000000000000000e+00
2.300430119772918156e-02 0.000000000000000000e+00 0.000000000000000000e+00 0.000000000000000000e+00 0.000000000000000000e+00
2.465811075822602755e-02 0.000000000000000000e+00 0.000000000000000000e+00 0.000000000000000000e+00 0.000000000000000000e+00
2.643081486974105734e-02 0.000000000000000000e+00 0.000000000000000000e+00 1.199999999999999946e-06 1.788854381999831859e-07
2.833096101839324005e-02 0.000000000000000000e+00 0.000000000000000000e+00 1.459999999999999913e-05 2.442949037536395309e-06
3.036771118035457365e-02 0.000000000000000000e+00 0.000000000000000000e+00 8.771075883095998105e-05 2.689414964974060043e-06
3.255088599835058438e-02 0.000000000000000000e+00 0.000000000000000000e+00 4.038036314857916596e-04 4.488937272948889524e-06
3.489101213406773511e-02 0.000000000000000000e+00 0.000000000000000000e+00 1.495222710546309768e-03 2.163979668866796907e-05
3.739937302478797687e-02 0.000000000000000000e+00 0.000000000000000000e+00 3.959587061818014772e-03 3.225989410181654121e-05
4.008806328898464888e-02 0.000000000000000000e+00 0.000000000000000000e+00 8.428181657712282074e-03 3.677198761634139368e-05
4.297004704320839252e-02 0.000000000000000000e+00 0.000000000000000000e+00 1.535204496171171419e-02 4.684429234419134296e-05
4.605922041145105866e-02 0.000000000000000000e+00 0.000000000000000000e+00 2.490508672018777389e-02 7.056504627580721450e-05
4.937047852839003548e-02 0.000000000000000000e+00 0.000000000000000000e+00 4.277737122796114455e-02 3.022921922562449193e-05
5.291978735958442065e-02 0.000000000000000000e+00 0.000000000000000000e+00 1.292630583928950361e-01 2.073011883222478102e-04
5.672426068491977919e-02 0.000000000000000000e+00 0.000000000000000000e+00 1.680950036231504685e-01 1.529756945857806746e-04
6.080224261649420925e-02 0.000000000000000000e+00 0.000000000000000000e+00 2.041741414909157837e-01 1.677843372455667913e-04
6.517339604882423088e-02 0.000000000000000000e+00 0.000000000000000000e+00 2.329183859508263676e-01 2.158209850589984857e-04
6.985879746785249311e-02 0.000000000000000000e+00 0.000000000000000000e+00 2.498414117530838863e-01 8.126517900502455032e-05
7.488103857590022727e-02 0.000000000000000000e+00 0.000000000000000000e+00 2.569354001452776592e-01 1.715282563845842731e-04
8.026433522257174491e-02 0.000000000000000000e+00 0.000000000000000000e+00 2.544227668919543106e-01 1.755907780753840884e-04
8.603464416684500349e-02 0.000000000000000000e+00 0.000000000000000000e+00 2.440669019845655152e-01 2.170644190194366281e-04
9.221978823334327224e-02 0.000000000000000000e+00 0.000000000000000000e+00 2.287504929342364102e-01 1.931997687378311410e-04
9.884959046625586832e-02 0.000000000000000000e+00 0.000000000000000000e+00 2.104112985558353466e-01 1.741820539753849190e-04
1.059560179277615893e-01 0.000000000000000000e+00 0.000000000000000000e+00 1.888516697540491007e-01 4.303496986651019103e-05
1.135733358343105209e-01 0.000000000000000000e+00 0.000000000000000000e+00 1.664884908846978873e-01 1.205117210737373802e-04
1.217382727739661358e-01 0.000000000000000000e+00 0.000000000000000000e+00 1.464871486880965912e-01 9.011929187361786742e-05
1.304901978014402220e-01 0.000000000000000000e+00 0.000000000000000000e+00 1.294750883290226862e-01 1.778322518209999258e-04
1.398713102647237971e-01 0.000000000000000000e+00 0.000000000000000000e+00 1.102858840698731219e-01 1.075122507703760595e-04
1.499268432786045602e-01 0.000000000000000000e+00 0.000000000000000000e+00 9.469007647918327442e-02 7.852320854350071247e-05
1.607052818261638372e-01 0.000000000000000000e+00 0.000000000000000000e+00 8.051916598433776773e-02 8.337855243780783402e-05
1.722585965398786556e-01 0.000000000000000000e+00 0.000000000000000000e+00 6.913609916937472899e-02 6.465648465411170975e-05
1.846424942895543431e-01 0.000000000000000000e+00 0.000000000000000000e+00 5.766534564964762716e-02 9.675713545539721969e-05
1.979166867853556222e-01 0.000000000000000000e+00 0.000000000000000000e+00 4.854966478789989048e-02 8.612657395301396288e-05
2.121451784910629856e-01 0.000000000000000000e+00 0.000000000000000000e+00 4.095530602401294129e-02 4.947336613461418938e-05
2.273965752357927639e-01 0.000000000000000000e+00 0.000000000000000000e+00 3.461471475563686340e-02 2.828329652342781103e-05
2.437444150122220488e-01 0.000000000000000000e+00 0.000000000000000000e+00 2.905833737537088374e-02 9.548650253416787065e-05
2.612675225563327874e-01 0.000000000000000000e+00 0.000000000000000000e+00 2.459774273376146361e-02 2.266541889341719391e-05
2.800503894183630771e-01 0.000000000000000000e+00 0.000000000000000000e+00 2.082845950739755161e-02 9.026335789609601901e-05
3.001835813575589040e-01 0.000000000000000000e+00 0.000000000000000000e+00 1.774886078587957841e-02 2.092582546336424807e-05
3.217641750250735400e-01 0.000000000000000000e+00 0.000000000000000000e+00 1.515417268334342746e-02 3.964011863681432774e-05
3.448962260405757929e-01 0.000000000000000000e+00 0.000000000000000000e+00 1.310652733997619626e-02 3.711118592497795278e-05
3.696912707195026404e-01 0.000000000000000000e+00 0.000000000000000000e+00 1.134098087199719024e-02 3.142724187155692452e-05
3.962688638701478139e-01 0.000000000000000000e+00 0.000000000000000000e+00 9.972382728777521091e-03 4.210978132107530875e-05
4.247571552536898443e-01 0.000000000000000000e+00 0.000000000000000000e+00 8.702897815205197854e-03 3.538380232141448900e-05
4.552935074866947818e-01 0.000000000000000000e+00 0.000000000000000000e+00 7.730399735802495967e-03 1.574426984733459217e-05
4.880251583654431347e-01 0.000000000000000000e+00 0.000000000000000000e+00 6.886924273148395392e-03 2.585113203120443772e-05
5.231099308056260666e-01 0.000000000000000000e+00 0.000000000000000000e+00 6.153433661468674792e-03 2.327589371206354891e-05
5.607169938205458504e-01 0.000000000000000000e+00 0.000000000000000000e+00 5.660825244341654953e-03 2.154178523509317792e-05
6.010276782070381740e-01 0.000000000000000000e+00 0.000000000000000000e+00 5.145737051552232155e-03 2.610397229614824067e-05
6.442363508721370424e-01 0.000000000000000000e+00 0.000000000000000000e+00 4.824148915015337262e-03 2.335217966394539574e-05
6.905513520162327445e-01 0.000000000000000000e+00 0.000000000000000000e+00 4.460167303853848457e-03 1.457148828670931579e-05
7.401959996915641327e-01 0.000000000000000000e+00 0.000000000000000000e+00 4.145151830541484242e-03 1.314535939216278410e-05
7.934096665797492065e-01 0.000000000000000000e+00 0.000000000000000000e+00 3.893654093201648521e-03 1.676417576598124491e-05
8.504489341802676794e-01 0.000000000000000000e+00 0.000000000000000000e+00 3.690548913313200334e-03 1.708672428824637842e-05
9.115888299750818380e-01 0.000000000000000000e+00 0.000000000000000000e+00 3.525067223545298809e-03 1.409232892381024349e-05
9.771241535346496532e-01 0.000000000000000000e+00 0.000000000000000000e+00 3.336041915576370455e-03 1.589785134185584152e-05
1.047370897959449820e+00 0.000000000000000000e+00 0.000000000000000000e+00 3.230238128352165561e-03 6.729763813073409221e-06
1.122667773510813483e+00 0.000000000000000000e+00 0.000000000000000000e+00 3.129214703830849459e-03 1.489064588807570761e-05
1.203377840777589247e+00 0.000000000000000000e+00 0.000000000000000000e+00 3.027388310281389338e-03 1.210914775693901378e-05
1.289890261253308079e+00 0.000000000000000000e+00 0.000000000000000000e+00 2.933706523302457257e-03 1.385065477917644350e-05
1.382622173764654905e+00 0.000000000000000000e+00 0.000000000000000000e+00 2.794037820583834906e-03 1.336824748674334157e-05
1.482020705798858584e+00 0.000000000000000000e+00 0.000000000000000000e+00 2.707229206394171951e-03 8.010076757240848781e-06
1.588565129428052725e+00 0.000000000000000000e+00 0.000000000000000000e+00 2.603506224750172689e-03 9.509307475716335619e-06
1.702769172225899519e+00 0.000000000000000000e+00 0.000000000000000000e+00 2.537298779921333576e-03 9.591101765756937340e-06
1.825183494319042365e+00 0.000000000000000000e+00 0.000000000000000000e+00 2.472142357362129561e-03 9.797779399764475975e-06
1.956398343517062877e+00 0.000000000000000000e+00 0.000000000000000000e+00 2.406895004319471905e-03 1.396576612356563019e-05
2.097046401323232612e+00 0.000000000000000000e+00 0.000000000000000000e+00 2.312522730542164538e-03 4.023877386415673423e-06
2.247805833548725207e+00 0.000000000000000000e+00 0.000000000000000000e+00 2.320473528197664840e-03 8.685488395219781798e-06
2.409403560239524289e+00 0.000000000000000000e+00 0.000000000000000000e+00 2.257141250256693675e-03 6.545867190315882377e-06
2.582618760682674708e+00 0.000000000000000000e+00 0.000000000000000000e+00 2.185425725467165462e-03 9.322645104135866240e-06
2.768286630392063685e+00 0.000000000000000000e+00 0.000000000000000000e+00 2.116142231882841597e-03 5.032929372343447245e-06
2.967302408188869478e+00 0.000000000000000000e+00 0.000000000000000000e+00 2.042521184763911035e-03 8.707338145000945536e-06
3.180625692794118997e+00 0.000000000000000000e+00 0.000000000000000000e+00 1.965681920615007777e-03 5.010755202632985468e-06
3.409285069746811114e+00 0.000000000000000000e+00 0.000000000000000000e+00 1.888185574210125752e-03 7.969709624805509148e-06
3.654383070957254454e+00 0.000000000000000000e+00 0.000000000000000000e+00 1.815238876771111927e-03 3.807731030859582264e-06
3.917101490809256514e+00 0.000000000000000000e+00 0.000000000000000000e+00 1.714397441508287712e-03 9.321018767673800511e-06
4.198707084443910276e+00 0.000000000000000000e+00 0.000000000000000000e+00 1.649226430255884470e-03 7.282184646863915077e-06
4.500557675700497917e+00 0.000000000000000000e+00 0.000000000000000000e+00 1.575448983316534877e-03 6.719802483392974398e-06
4.824108704165368522e+00 0.000000000000000000e+00 0.000000000000000000e+00 1.493804631154843935e-03 5.870950090637307796e-06
5.170920242896754893e+00 0.000000000000000000e+00 0.000000000000000000e+00 1.425252721999146132e-03 5.477282154810104336e-06
5.542664520663101335e+00 0.000000000000000000e+00 0.000000000000000000e+00 1.365969197612507818e-03 8.030059277971094447e-06
5.941133984965033754e+00 0.000000000000000000e+00 0.000000000000000000e+00 1.296615690721985778e-03 3.572120987991836691e-06
6.368249944718586519e+00 0.000000000000000000e+00 0.000000000000000000e+00 1.234714838293567412e-03 4.809506652385757713e-06
6.826071834272386063e+00 0.000000000000000000e+00 0.000000000000000000e+00 1.177952489487175307e-03 2.107277950177534700e-06
7.316807143427192628e+00 0.000000000000000000e+00 0.000000000000000000e+00 1.123233035789351908e-03 4.752099335449057500e-06
7.842822061337681561e+00 0.000000000000000000e+00 0.000000000000000000e+00 1.069032751125505469e-03 3.445038920337065528e-06
8.406652885618324689e+00 0.000000000000000000e+00 0.000000000000000000e+00 1.016870258051527209e-03 2.549750885867303034e-06
9.011018251665019463e+00 0.000000000000000000e+00 0.000000000000000000e+00 9.658484926605457677e-04 1.995093593478106599e-06
9.658832241158698650e+00 0.000000000000000000e+00 0.000000000000000000e+00 9.191993864468327516e-04 1.025625493082680172e-06
1.035321843295661637e+01 0.000000000000000000e+00 0.000000000000000000e+00 8.748130890008150740e-04 2.360801008194250669e-06
1.109752496412072098e+01 0.000000000000000000e+00 0.000000000000000000e+00 8.377677206586273953e-04 3.680961845412417136e-07
1.189534067370319548e+01 0.000000000000000000e+00 0.000000000000000000e+00 7.980373672467287174e-04 2.833053050032366585e-06
1.275051240713012923e+01 0.000000000000000000e+00 0.000000000000000000e+00 7.577500237226104246e-04 2.038310865361021913e-06
1.366716356462005955e+01 0.000000000000000000e+00 0.000000000000000000e+00 7.164623408633586559e-04 1.569202377059409610e-06
1.464971398307284822e+01 0.000000000000000000e+00 0.000000000000000000e+00 6.882252978742235423e-04 2.530710633581441638e-06
1.570290124729377546e+01 0.000000000000000000e+00 0.000000000000000000e+00 6.488009974195978104e-04 1.374538652350222030e-06
1.683180353330956791e+01 0.000000000000000000e+00 0.000000000000000000e+00 6.199335712684684316e-04 1.045853337327987509e-06
1.804186409392071866e+01 0.000000000000000000e+00 0.000000000000000000e+00 5.914312646566823213e-04 8.161827050687284242e-07
1.933891750455230252e+01 0.000000000000000000e+00 0.000000000000000000e+00 5.613324392227296913e-04 1.682631746136868196e-06
2.072921779595369784e+01 0.000000000000000000e+00 0.000000000000000000e+00 5.327235836948826042e-04 9.393006262856774203e-07
2.221946860939523916e+01 0.000000000000000000e+00 0.000000000000000000e+00 5.103517024956343972e-04 4.338440762942796157e-07
2.381685551976158166e+01 0.000000000000000000e+00 0.000000000000000000e+00 4.838050319760141965e-04 1.437186023144376547e-06
2.552908068239516481e+01 0.000000000000000000e+00 0.000000000000000000e+00 4.596057880167682408e-04 1.398524192190910339e-06
2.736439997074669250e+01 0.000000000000000000e+00 0.000000000000000000e+00 4.363243557691520724e-04 1.089774248477715254e-06
2.933166278390042336e+01 0.000000000000000000e+00 0.000000000000000000e+00 4.138813654055211117e-04 1.171350245114076021e-06
3.144035471591499942e+01 0.000000000000000000e+00 0.000000000000000000e+00 3.954468410870925869e-04 4.279617122863410149e-07
3.370064329271928472e+01 0.000000000000000000e+00 0.000000000000000000e+00 3.756092678160329696e-04 8.381524837603231159e-07
3.612342699709430605e+01 0.000000000000000000e+00 0.000000000000000000e+00 3.562637052515021637e-04 4.264652987855330844e-07
3.872038781812553054e+01 0.000000000000000000e+00 0.000000000000000000e+00 3.383350152985391745e-04 6.806003390355762890e-07
4.150404757850472492e+01 0.000000000000000000e+00 0.000000000000000000e+00 3.206677856359513258e-04 4.478995526434948443e-07
4.448782831127585524e+01 0.000000000000000000e+00 0.000000000000000000e+00 3.049465157578096740e-04 5.877864802866579597e-07
4.768611697714469244e+01 0.000000000000000000e+00 0.000000000000000000e+00 2.888505212712516416e-04 8.776326229005433404e-07
5.111433483440165304e+01 0.000000000000000000e+00 0.000000000000000000e+00 2.741085822939706490e-04 8.299789506186799329e-07
5.478901179593939474e+01 0.000000000000000000e+00 0.000000000000000000e+00 2.589367245095658692e-04 6.776303265742438475e-07
5.872786613189477123e+01 0.000000000000000000e+00 0.000000000000000000e+00 2.469960528381688223e-04 6.552530842641036667e-07
6.294988990221887804e+01 0.000000000000000000e+00 0.000000000000000000e+00 2.340495554936449874e-04 3.753436626124844625e-07
6.747544053110692630e+01 0.000000000000000000e+00 0.000000000000000000e+00 2.218948190172313273e-04 1.598484123534844798e-07
7.232633896483532965e+01 0.000000000000000000e+00 0.000000000000000000e+00 2.097100343845803572e-04 6.383655651056042799e-07
7.752597488629456279e+01 0.000000000000000000e+00 0.000000000000000000e+00 1.988011102158617968e-04 3.590459308934543583e-07
8.309941949353387258e+01 0.000000000000000000e+00 0.000000000000000000e+00 1.878680784784261479e-04 3.007366784645196427e-07
8.907354638610439679e+01 0.000000000000000000e+00 0.000000000000000000e+00 1.772031242885135807e-04 4.286256492951569818e-07
9.547716114208056126e+01 0.000000000000000000e+00 0.000000000000000000e+00 1.677981058193736173e-04 4.695745239818013266e-07
1.023411402105452765e+02 0.000000000000000000e+00 0.000000000000000000e+00 1.593735970526563995e-04 3.755016319004462439e-07
1.096985797892384085e+02 0.000000000000000000e+00 0.000000000000000000e+00 1.492185901584033273e-04 3.409986505127849278e-07
1.175849554052155810e+02 0.000000000000000000e+00 0.000000000000000000e+00 1.407192315420570177e-04 2.622570994809387220e-07
1.260382929679727368e+02 0.000000000000000000e+00 0.000000000000000000e+00 1.333798283765333143e-04 3.095185273529535851e-07
1.350993521198025178e+02 0.000000000000000000e+00 0.000000000000000000e+00 1.261029864442994336e-04 2.961344243865405733e-07
1.448118227674532932e+02 0.000000000000000000e+00 0.000000000000000000e+00 1.186710929581947062e-04 3.149177619110451804e-07
1.552225357427047925e+02 0.000000000000000000e+00 0.000000000000000000e+00 1.118459763660927767e-04 1.322023304289377103e-07
1.663816886076127446e+02 0.000000000000000000e+00 0.000000000000000000e+00 1.056311531971788117e-04 1.652880088542191947e-07
1.783430876931909381e+02 0.000000000000000000e+00 0.000000000000000000e+00 9.951496794855915133e-05 1.575819497926418000e-07
1.911644075385699750e+02 0.000000000000000000e+00 0.000000000000000000e+00 9.342223267115202655e-05 1.245838953092385359e-07
2.049074689815846000e+02 0.000000000000000000e+00 0.000000000000000000e+00 8.789625357656821768e-05 2.170828225609907699e-07
2.196385372416546886e+02 0.000000000000000000e+00 0.000000000000000000e+00 8.258063453999584999e-05 1.478842451389457672e-07
2.354286414322415339e+02 0.000000000000000000e+00 0.000000000000000000e+00 7.782839205751301522e-05 9.682039171601822373e-08
2.523539170434765992e+02 0.000000000000000000e+00 0.000000000000000000e+00 7.335015693680497606e-05 9.283107805271680041e-08
2.704959730463131677e+02 0.000000000000000000e+00 0.000000000000000000e+00 6.880980174210523910e-05 7.057880946988789606e-08
2.899422853882875302e+02 0.000000000000000000e+00 0.000000000000000000e+00 6.457318632131340576e-05 1.005745064893583633e-07
3.107866187782013867e+02 0.000000000000000000e+00 0.000000000000000000e+00 6.068274682728036940e-05 1.182824840650742678e-07
3.331294787934670012e+02 0.000000000000000000e+00 0.000000000000000000e+00 5.702498511279650715e-05 1.824403077689580159e-07
3.570785964900462659e+02 0.000000000000000000e+00 0.000000000000000000e+00 5.357047143092053649e-05 1.934250308308123221e-07
3.827494478516307481e+02 0.000000000000000000e+00 0.000000000000000000e+00 5.023489401039860948e-05 1.332306204953890274e-07
4.102658105827190411e+02 0.000000000000000000e+00 0.000000000000000000e+00 4.720579965533650132e-05 2.149773278241194900e-07
4.397603609302720997e+02 0.000000000000000000e+00 0.000000000000000000e+00 4.413438924504368266e-05 1.657186289233677984e-07
4.713753134116719252e+02 0.000000000000000000e+00 0.000000000000000000e+00 4.148105321715674006e-05 6.700718919084431483e-08
5.052631065335679637e+02 0.000000000000000000e+00 0.000000000000000000e+00 3.892417725317901482e-05 5.594557685590206447e-08
5.415871378079465330e+02 0.000000000000000000e+00 0.000000000000000000e+00 3.642422531363149015e-05 5.352485824131781948e-08
5.805225516094895966e+02 0.000000000000000000e+00 0.000000000000000000e+00 3.403790254300764219e-05 5.829675841854398470e-08
6.222570836730230894e+02 0.000000000000000000e+00 0.000000000000000000e+00 3.196318330890852419e-05 8.978601699322205846e-08
6.669919663030115089e+02 0.000000000000000000e+00 0.000000000000000000e+00 2.999069756038088647e-05 5.298414067633941512e-08
7.149428986597577023e+02 0.000000000000000000e+00 0.000000000000000000e+00 2.817850263490774879e-05 6.365140637046627973e-08
7.663410868007447334e+02 0.000000000000000000e+00 0.000000000000000000e+00 2.632654508766004198e-05 4.963505300919523858e-08
8.214343584919421346e+02 0.000000000000000000e+00 0.000000000000000000e+00 2.458433246744231676e-05 2.200841011533405347e-08
8.804883581643464368e+02 0.000000000000000000e+00 0.000000000000000000e+00 2.301815001519701706e-05 3.729438741993461341e-08
9.437878277775371316e+02 0.000000000000000000e+00 0.000000000000000000e+00 2.154209537654853528e-05 3.460332276856963734e-08
1.011637979766207081e+03 0.000000000000000000e+00 0.000000000000000000e+00 2.020842430606790516e-05 2.569333882193047311e-08
1.084365968689608735e+03 0.000000000000000000e+00 0.000000000000000000e+00 1.890301590349574963e-05 3.770941081997230464e-08
1.162322468679851909e+03 0.000000000000000000e+00 0.000000000000000000e+00 1.765271787008304926e-05 1.748041510930782999e-08
1.245883364295008050e+03 0.000000000000000000e+00 0.000000000000000000e+00 1.647124889759262213e-05 3.799395100788152598e-08
1.335451562929897364e+03 0.000000000000000000e+00 0.000000000000000000e+00 1.538284363904256926e-05 3.551324502832984785e-08
1.431458937523478653e+03 0.000000000000000000e+00 0.000000000000000000e+00 1.446595019437395618e-05 4.036329754061733687e-08
1.534368408930009991e+03 0.000000000000000000e+00 0.000000000000000000e+00 1.353316048598966313e-05 2.632321017991798805e-08
1.644676177994662794e+03 0.000000000000000000e+00 0.000000000000000000e+00 1.266154968346378330e-05 2.470409383913988786e-08
1.762914118095947970e+03 0.000000000000000000e+00 0.000000000000000000e+00 1.180005534015999615e-05 1.703257666701718897e-08
1.889652339691207771e+03 0.000000000000000000e+00 0.000000000000000000e+00 1.101983924656362948e-05 1.994421781943464462e-08
2.025501939230666494e+03 0.000000000000000000e+00 0.000000000000000000e+00 1.029008936232611881e-05 1.473988514981511414e-08
2.171117945694501032e+03 0.000000000000000000e+00 0.000000000000000000e+00 9.600582506276822116e-06 1.547766681742981818e-08
2.327202478960407461e+03 0.000000000000000000e+00 0.000000000000000000e+00 8.953552644188091160e-06 1.331028981370079048e-08
2.494508135230316384e+03 0.000000000000000000e+00 0.000000000000000000e+00 8.403646939869339997e-06 9.192651318007609123e-09
2.673841615839944097e+03 0.000000000000000000e+00 0.000000000000000000e+00 7.847430940839055202e-06 1.161950828994817027e-08
2.866067616948250361e+03 0.000000000000000000e+00 0.000000000000000000e+00 7.318095922981400008e-06 1.013971142366802205e-08
3.072112998861752658e+03 0.000000000000000000e+00 0.000000000000000000e+00 6.852171206384608188e-06 3.934646788255533396e-09
3.292971255097148060e+03 0.000000000000000000e+00 0.000000000000000000e+00 6.380091347270500997e-06 7.906980174663938831e-09
3.529707302730650099e+03 0.000000000000000000e+00 0.000000000000000000e+00 5.946246668017378802e-06 1.526290474811649419e-08
3.783462617131925072e+03 0.000000000000000000e+00 0.000000000000000000e+00 5.569557438249068326e-06 1.216210316364022379e-08
4.055460735840827510e+03 0.000000000000000000e+00 0.000000000000000000e+00 5.188098025270486702e-06 3.626852548247835140e-09
4.347013158125017071e+03 0.000000000000000000e+00 0.000000000000000000e+00 4.851641898004526969e-06 8.658843629779443139e-09
4.659525668664677141e+03 0.000000000000000000e+00 0.000000000000000000e+00 4.526254811592627293e-06 5.498970788078506679e-09
4.994505115855139593e+03 0.000000000000000000e+00 0.000000000000000000e+00 4.229401179701779339e-06 5.266090269893229308e-09
5.353566677410718512e+03 0.000000000000000000e+00 0.000000000000000000e+00 3.961103203988767756e-06 4.474110257996488620e-09
5.738441648302392423e+03 0.000000000000000000e+00 0.000000000000000000e+00 3.696110339059880557e-06 7.590051809979122234e-09
6.150985788580504050e+03 0.000000000000000000e+00 0.000000000000000000e+00 3.449772541830501206e-06 5.531481236859118858e-09
6.593188271333541707e+03 0.000000000000000000e+00 0.000000000000000000e+00 3.229920891181063731e-06 4.225065768252514519e-09
7.067181273927491020e+03 0.000000000000000000e+00 0.000000000000000000e+00 3.005809342227113133e-06 4.845240508448349075e-09
7.575250258771904555e+03 0.000000000000000000e+00 0.000000000000000000e+00 2.807100077484906825e-06 4.312221571133390455e-09
8.119844993184008672e+03 0.000000000000000000e+00 0.000000000000000000e+00 2.624537139345797567e-06 4.892222927529674225e-09
8.703591361485165180e+03 0.000000000000000000e+00 0.000000000000000000e+00 2.450230875597287548e-06 3.736235468223903222e-09
9.329304026284677093e+03 0.000000000000000000e+00 0.000000000000000000e+00 2.288150827980115370e-06 4.026257828025608140e-09
1.000000000000000000e+04 0.000000000000000000e+00 0.000000000000000000e+00 2.129496145916882244e-06 1.710069398736231687e-09