1.000000000000000021e-02 0.000000000000000000e+00 0.000000000000000000e+00 0.000000000000000000e+00 0.000000000000000000e+00
1.071891319205127598e-02 0.000000000000000000e+00 0.000000000000000000e+00 0.000000000000000000e+00 0.000000000000000000e+00
1.148951000187309161e-02 0.000000000000000000e+00 0.000000000000000000e+00 0.000000000000000000e+00 0.000000000000000000e+00
1.231550603292825598e-02 0.000000000000000000e+00 0.000000000000000000e+00 0.000000000000000000e+00 0.000000000000000000e+00
1.320088400831418048e-02 0.000000000000000000e+00 0.000000000000000000e+00 0.000000000000000000e+00 0.000000000000000000e+00
1.414991297434575919e-02 0.000000000000000000e+00 0.000000000000000000e+00 0.000000000000000000e+00 0.000000000000000000e+00
1.516716888470922599e-02 0.000000000000000000e+00 0.000000000000000000e+00 0.000000000000000000e+00 0.000000000000000000e+00
1.625755666443794156e-02 0.000000000000000000e+00 0.000000000000000000e+00 1.999999999999999909e-07 1.788854381999831859e-07
1.742633386009649968e-02 0.000000000000000000e+00 0.000000000000000000e+00 2.399999999999999891e-06 3.577708763999663717e-07
1.867913599020782842e-02 0.000000000000000000e+00 0.000000000000000000e+00 2.559999999999999207e-05 1.080740486888503671e-06
2.002200371815584384e-02 0.000000000000000000e+00 0.000000000000000000e+00 1.429672376185656948e-04 7.468497721316649965e-06
2.146141197858403640e-02 0.000000000000000000e+00 0.000000000000000000e+00 7.064263746322504761e-04 1.348150393789915152e-05
2.300430119772918156e-02 0.000000000000000000e+00 0.000000000000000000e+00 2.452941718032827789e-03 1.998009882162704768e-05
2.465811075822602755e-02 0.000000000000000000e+00 0.000000000000000000e+00 7.003924255942210915e-03 1.559765803145592023e-05
2.643081486974105734e-02 0.000000000000000000e+00 0.000000000000000000e+00 1.596207095320297323e-02 1.293401542898846693e-05
2.833096101839324005e-02 0.000000000000000000e+00 0.000000000000000000e+00 3.093088776983963714e-02 5.800081710452926830e-05
3.036771118035457365e-02 0.000000000000000000e+00 0.000000000000000000e+00 5.185816318351785942e-02 5.855819138840720180e-05
3.255088599835058438e-02 0.000000000000000000e+00 0.000000000000000000e+00 7.720657079628755193e-02 4.809830215440909733e-05
3.489101213406773511e-02 0.000000000000000000e+00 0.000000000000000000e+00 1.043852028009885080e-01 1.597519502147910970e-04
3.739937302478797687e-02 0.000000000000000000e+00 0.000000000000000000e+00 1.293356712922139606e-01 9.673563840073200551e-05
4.008806328898464888e-02 0.000000000000000000e+00 0.000000000000000000e+00 1.484194310435338893e-01 7.392762664711746896e-05
4.297004704320839252e-02 0.000000000000000000e+00 0.000000000000000000e+00 1.613036159499267597e-01 9.743331662641847087e-05
4.605922041145105866e-02 0.000000000000000000e+00 0.000000000000000000e+00 1.677731319565858858e-01 1.108247804492092141e-04
4.937047852839003548e-02 0.000000000000000000e+00 0.000000000000000000e+00 2.053057308780084911e-01 1.121824042964494184e-04
5.291978735958442065e-02 0.000000000000000000e+00 0.000000000000000000e+00 4.750870769082097267e-01 2.908239102192123975e-04
5.672426068491977919e-02 0.000000000000000000e+00 0.000000000000000000e+00 4.887428689342847576e-01 1.684375375477294059e-04
6.080224261649420925e-02 0.000000000000000000e+00 0.000000000000000000e+00 4.876045753349167455e-01 1.624110326092005239e-04
6.517339604882423088e-02 0.000000000000000000e+00 0.000000000000000000e+00 4.737037219109568875e-01 2.051650149021339074e-04
6.985879746785249311e-02 0.000000000000000000e+00 0.000000000000000000e+00 4.482453553049080552e-01 1.755539407388557701e-04
7.488103857590022727e-02 0.000000000000000000e+00 0.000000000000000000e+00 4.152752444500614759e-01 2.201959693968243029e-04
8.026433522257174491e-02 0.000000000000000000e+00 0.000000000000000000e+00 3.769581063404829346e-01 2.363466317220212006e-04
8.603464416684500349e-02 0.000000000000000000e+00 0.000000000000000000e+00 3.379621666305072658e-01 1.445198321182423833e-04
9.221978823334327224e-02 0.000000000000000000e+00 0.000000000000000000e+00 2.993106593519014313e-01 8.088608531931697101e-05
9.884959046625586832e-02 0.000000000000000000e+00 0.000000000000000000e+00 2.627476392275270856e-01 8.847353558560755286e-05
1.059560179277615893e-01 0.000000000000000000e+00 0.000000000000000000e+00 2.262927503190067247e-01 1.243375686130098118e-04
1.135733358343105209e-01 0.000000000000000000e+00 0.000000000000000000e+00 1.927548055609022148e-01 1.350537808335540337e-04
1.217382727739661358e-01 0.000000000000000000e+00 0.000000000000000000e+00 1.651665243310280473e-01 1.534897629130025818e-04
1.304901978014402220e-01 0.000000000000000000e+00 0.000000000000000000e+00 1.428282971091815734e-01 1.882351504182788282e-04
1.398713102647237971e-01 0.000000000000000000e+00 0.000000000000000000e+00 1.193372997510067091e-01 1.443018374706326093e-04
1.499268432786045602e-01 0.000000000000000000e+00 0.000000000000000000e+00 1.010916931336252877e-01 1.298558501354621180e-04
1.607052818261638372e-01 0.000000000000000000e+00 0.000000000000000000e+00 8.492898314349586752e-02 1.254108467440126138e-04
1.722585965398786556e-01 0.000000000000000000e+00 0.000000000000000000e+00 7.232829509821872560e-02 8.328693664867115542e-05
1.846424942895543431e-01 0.000000000000000000e+00 0.000000000000000000e+00 5.964390985580893950e-02 8.755947540028616045e-05
1.979166867853556222e-01 0.000000000000000000e+00 0.000000000000000000e+00 4.976787695450637233e-02 6.142726997782515022e-05
2.121451784910629856e-01 0.000000000000000000e+00 0.000000000000000000e+00 4.173180577294042376e-02 9.607269349090425336e-05
2.273965752357927639e-01 0.000000000000000000e+00 0.000000000000000000e+00 3.511226904387600156e-02 5.187329142774781544e-05
2.437444150122220488e-01 0.000000000000000000e+00 0.000000000000000000e+00 2.940921233806266175e-02 3.965684811110889039e-05
2.612675225563327874e-01 0.000000000000000000e+00 0.000000000000000000e+00 2.475012921912467592e-02 3.633373868982408427e-05
2.800503894183630771e-01 0.000000000000000000e+00 0.000000000000000000e+00 2.091763375338108119e-02 3.739581715257775087e-05
3.001835813575589040e-01 0.000000000000000000e+00 0.000000000000000000e+00 1.783123910091855002e-02 2.495806455440324943e-05
3.217641750250735400e-01 0.000000000000000000e+00 0.000000000000000000e+00 1.506681011627477619e-02 3.512776821458123345e-05
3.448962260405757929e-01 0.000000000000000000e+00 0.000000000000000000e+00 1.305323251717191088e-02 3.528939392256171860e-05
3.696912707195026404e-01 0.000000000000000000e+00 0.000000000000000000e+00 1.123963190420575534e-02 4.510046858887011077e-05
3.962688638701478139e-01 0.000000000000000000e+00 0.000000000000000000e+00 9.848093200696765234e-03 1.391957266485036988e-05
4.247571552536898443e-01 0.000000000000000000e+00 0.000000000000000000e+00 8.660987347800195094e-03 4.644656318290342478e-05
4.552935074866947818e-01 0.000000000000000000e+00 0.000000000000000000e+00 7.729921187771497844e-03 1.574649768812327549e-05
4.880251583654431347e-01 0.000000000000000000e+00 0.000000000000000000e+00 6.814602160226691623e-03 3.676499727795372915e-05
5.231099308056260666e-01 0.000000000000000000e+00 0.000000000000000000e+00 6.174807768256580787e-03 4.559818159713855085e-05
5.607169938205458504e-01 0.000000000000000000e+00 0.000000000000000000e+00 5.569273274295658688e-03 3.088203476585292989e-05
6.010276782070381740e-01 0.000000000000000000e+00 0.000000000000000000e+00 5.141500558537775295e-03 2.372736350325559758e-05
6.442363508721370424e-01 0.000000000000000000e+00 0.000000000000000000e+00 4.748283890314100933e-03 2.697277607136059933e-05
6.905513520162327445e-01 0.000000000000000000e+00 0.000000000000000000e+00 4.387209948167121627e-03 1.920864801587727922e-05
7.401959996915641327e-01 0.000000000000000000e+00 0.000000000000000000e+00 4.165120868328939588e-03 1.218372273317577131e-05
7.934096665797492065e-01 0.000000000000000000e+00 0.000000000000000000e+00 3.871764743765048009e-03 1.986703879228824088e-05
8.504489341802676794e-01 0.000000000000000000e+00 0.000000000000000000e+00 3.654294642965146174e-03 1.498010917245334365e-05
9.115888299750818380e-01 0.000000000000000000e+00 0.000000000000000000e+00 3.487700726604560202e-03 1.122388300836354697e-05
9.771241535346496532e-01 0.000000000000000000e+00 0.000000000000000000e+00 3.339411503532680424e-03 5.571807080094019827e-06
1.047370897959449820e+00 0.000000000000000000e+00 0.000000000000000000e+00 3.214805757554539765e-03 1.081589792425708440e-05
1.122667773510813483e+00 0.000000000000000000e+00 0.000000000000000000e+00 3.101298662766976445e-03 1.301118770849372526e-05
1.203377840777589247e+00 0.000000000000000000e+00 0.000000000000000000e+00 3.010674093649164020e-03 1.545411712579801785e-05
1.289890261253308079e+00 0.000000000000000000e+00 0.000000000000000000e+00 2.873651612007926178e-03 9.486815238892496555e-06
1.382622173764654905e+00 0.000000000000000000e+00 0.000000000000000000e+00 2.748724678778528309e-03 1.360628698211712694e-05
1.482020705798858584e+00 0.000000000000000000e+00 0.000000000000000000e+00 2.605607670763380838e-03 1.009568765908138460e-05
1.588565129428052725e+00 0.000000000000000000e+00 0.000000000000000000e+00 2.449468801533675154e-03 5.609048170784260218e-06
1.702769172225899519e+00 0.000000000000000000e+00 0.000000000000000000e+00 2.336801063992268411e-03 6.366279162958413484e-06
1.825183494319042365e+00 0.000000000000000000e+00 0.000000000000000000e+00 2.164645810609274780e-03 7.680006893500345398e-06
1.956398343517062877e+00 0.000000000000000000e+00 0.000000000000000000e+00 2.001202557216445830e-03 8.666999342233910406e-06
2.097046401323232612e+00 0.000000000000000000e+00 0.000000000000000000e+00 1.835083903780825075e-03 7.159803487815307420e-06
2.247805833548725207e+00 0.000000000000000000e+00 0.000000000000000000e+00 1.798214411307663078e-03 8.762838459697991621e-06
2.409403560239524289e+00 0.000000000000000000e+00 0.000000000000000000e+00 1.650977986301816348e-03 7.902723887765192298e-06
2.582618760682674708e+00 0.000000000000000000e+00 0.000000000000000000e+00 1.534356104611598638e-03 2.564379871439366895e-06
2.768286630392063685e+00 0.000000000000000000e+00 0.000000000000000000e+00 1.396385100027291559e-03 6.846228988949611499e-06
2.967302408188869478e+00 0.000000000000000000e+00 0.000000000000000000e+00 1.290038264254570995e-03 2.886714318164309872e-06
3.180625692794118997e+00 0.000000000000000000e+00 0.000000000000000000e+00 1.199578985922878900e-03 5.547618678342789400e-06
3.409285069746811114e+00 0.000000000000000000e+00 0.000000000000000000e+00 1.107245011309337555e-03 4.241993138411590770e-06
3.654383070957254454e+00 0.000000000000000000e+00 0.000000000000000000e+00 1.023062253490162601e-03 4.315242358431044390e-06
3.917101490809256514e+00 0.000000000000000000e+00 0.000000000000000000e+00 9.372317715078976735e-04 4.359329815118134174e-06
4.198707084443910276e+00 0.000000000000000000e+00 0.000000000000000000e+00 8.608765075296377850e-04 3.424350412028245472e-06
4.500557675700497917e+00 0.000000000000000000e+00 0.000000000000000000e+00 8.038516637890446301e-04 3.058273142115338561e-06
4.824108704165368522e+00 0.000000000000000000e+00 0.000000000000000000e+00 7.427274403462916490e-04 3.130268959543610995e-06
5.170920242896754893e+00 0.000000000000000000e+00 0.000000000000000000e+00 6.834914510874123697e-04 2.626629246007582189e-06
5.542664520663101335e+00 0.000000000000000000e+00 0.000000000000000000e+00 6.436478339979656441e-04 3.182380348771165990e-06
5.941133984965033754e+00 0.000000000000000000e+00 0.000000000000000000e+00 5.961877944215138994e-04 3.688160043810552624e-06
6.368249944718586519e+00 0.000000000000000000e+00 0.000000000000000000e+00 5.533870843261363710e-04 3.132596462540543350e-06
6.826071834272386063e+00 0.000000000000000000e+00 0.000000000000000000e+00 5.206158799102935959e-04 2.649487577103621711e-06
7.316807143427192628e+00 0.000000000000000000e+00 0.000000000000000000e+00 4.869531471735061680e-04 2.517499883801023107e-06
7.842822061337681561e+00 0.000000000000000000e+00 0.000000000000000000e+00 4.530876767965634207e-04 3.765957325688029741e-06
8.406652885618324689e+00 0.000000000000000000e+00 0.000000000000000000e+00 4.248579438819760526e-04 1.515739207560787455e-06
9.011018251665019463e+00 0.000000000000000000e+00 0.000000000000000000e+00 3.977395588825878678e-04 1.396406216873664914e-06
9.658832241158698650e+00 0.000000000000000000e+00 0.000000000000000000e+00 3.716555825671806175e-04 1.188853370381128196e-06
1.035321843295661637e+01 0.000000000000000000e+00 0.000000000000000000e+00 3.487878287965664580e-04 1.189297224875100738e-06
1.109752496412072098e+01 0.000000000000000000e+00 0.000000000000000000e+00 3.300674200557460690e-04 9.832401412107511052e-07
1.189534067370319548e+01 0.000000000000000000e+00 0.000000000000000000e+00 3.111560645395070263e-04 5.522642497567140403e-07
1.275051240713012923e+01 0.000000000000000000e+00 0.000000000000000000e+00 2.936961516607489837e-04 5.555973085872851068e-07
1.366716356462005955e+01 0.000000000000000000e+00 0.000000000000000000e+00 2.772353716177716819e-04 8.581773143465924054e-07
1.464971398307284822e+01 0.000000000000000000e+00 0.000000000000000000e+00 2.615231038963578762e-04 1.313718479811507990e-06
1.570290124729377546e+01 0.000000000000000000e+00 0.000000000000000000e+00 2.479139793915769493e-04 7.919319888595219020e-07
1.683180353330956791e+01 0.000000000000000000e+00 0.000000000000000000e+00 2.347133090063378250e-04 1.347051620676764960e-06
1.804186409392071866e+01 0.000000000000000000e+00 0.000000000000000000e+00 2.221291634008564582e-04 8.477214886541078209e-07
1.933891750455230252e+01 0.000000000000000000e+00 0.000000000000000000e+00 2.095918385871680149e-04 6.794790207564032134e-07
2.072921779595369784e+01 0.000000000000000000e+00 0.000000000000000000e+00 1.990389267830430103e-04 6.931393261287073066e-07
2.221946860939523916e+01 0.000000000000000000e+00 0.000000000000000000e+00 1.881944485584337583e-04 1.974777723820004871e-07
2.381685551976158166e+01 0.000000000000000000e+00 0.000000000000000000e+00 1.798665616191777743e-04 5.009819881134049418e-07
2.552908068239516481e+01 0.000000000000000000e+00 0.000000000000000000e+00 1.697605328206753313e-04 3.286628959199991704e-07
2.736439997074669250e+01 0.000000000000000000e+00 0.000000000000000000e+00 1.610985621635859541e-04 4.614871132694627746e-07
2.933166278390042336e+01 0.000000000000000000e+00 0.000000000000000000e+00 1.536911172653725318e-04 4.213825868710233447e-07
3.144035471591499942e+01 0.000000000000000000e+00 0.000000000000000000e+00 1.456443729054979338e-04 3.026345132758599069e-07
3.370064329271928472e+01 0.000000000000000000e+00 0.000000000000000000e+00 1.379525821930334168e-04 3.751961014328415281e-07
3.612342699709430605e+01 0.000000000000000000e+00 0.000000000000000000e+00 1.307280616214713932e-04 3.294653914317067608e-07
3.872038781812553054e+01 0.000000000000000000e+00 0.000000000000000000e+00 1.241684977235222491e-04 3.671585660902165789e-07
4.150404757850472492e+01 0.000000000000000000e+00 0.000000000000000000e+00 1.177530731325120860e-04 4.512228311960399380e-07
4.448782831127585524e+01 0.000000000000000000e+00 0.000000000000000000e+00 1.116695045153404250e-04 2.857979326206013940e-07
4.768611697714469244e+01 0.000000000000000000e+00 0.000000000000000000e+00 1.057871705166455579e-04 3.546608232182956322e-07
5.111433483440165304e+01 0.000000000000000000e+00 0.000000000000000000e+00 1.002861952228794560e-04 3.596814838406618648e-07
5.478901179593939474e+01 0.000000000000000000e+00 0.000000000000000000e+00 9.492571662553045896e-05 1.769037550452534946e-07
5.872786613189477123e+01 0.000000000000000000e+00 0.000000000000000000e+00 9.011212448079861461e-05 1.784169500303489053e-07
6.294988990221887804e+01 0.000000000000000000e+00 0.000000000000000000e+00 8.533360388648062063e-05 2.884533208402339643e-07
6.747544053110692630e+01 0.000000000000000000e+00 0.000000000000000000e+00 8.029112889200768388e-05 2.676146692901499134e-07
7.232633896483532965e+01 0.000000000000000000e+00 0.000000000000000000e+00 7.635754568270747646e-05 1.856868137830548252e-07
7.752597488629456279e+01 0.000000000000000000e+00 0.000000000000000000e+00 7.207390735897875014e-05 2.474889809204138008e-07
8.309941949353387258e+01 0.000000000000000000e+00 0.000000000000000000e+00 6.812613462924344064e-05 2.718083657126227366e-07
8.907354638610439679e+01 0.000000000000000000e+00 0.000000000000000000e+00 6.452974118382808974e-05 1.785711640980947043e-07
9.547716114208056126e+01 0.000000000000000000e+00 0.000000000000000000e+00 6.100075059176284176e-05 2.169945493845273059e-07
1.023411402105452765e+02 0.000000000000000000e+00 0.000000000000000000e+00 5.791075188630668072e-05 2.037329560996879308e-07
1.096985797892384085e+02 0.000000000000000000e+00 0.000000000000000000e+00 5.430748554459975246e-05 1.585931111885950638e-07
1.175849554052155810e+02 0.000000000000000000e+00 0.000000000000000000e+00 5.112548544005693590e-05 1.249433845543565934e-07
1.260382929679727368e+02 0.000000000000000000e+00 0.000000000000000000e+00 4.836782589575585754e-05 1.261476973178350167e-07
1.350993521198025178e+02 0.000000000000000000e+00 0.000000000000000000e+00 4.573847026004757211e-05 9.837017766016212024e-08
1.448118227674532932e+02 0.000000000000000000e+00 0.000000000000000000e+00 4.310525206092129041e-05 1.183926836698240279e-07
1.552225357427047925e+02 0.000000000000000000e+00 0.000000000000000000e+00 4.075081720176971535e-05 1.566992596979544130e-07
1.663816886076127446e+02 0.000000000000000000e+00 0.000000000000000000e+00 3.838294449727364468e-05 1.557396655162685593e-07
1.783430876931909381e+02 0.000000000000000000e+00 0.000000000000000000e+00 3.610545409005671506e-05 1.399861477966809389e-07
1.911644075385699750e+02 0.000000000000000000e+00 0.000000000000000000e+00 3.396307147310810543e-05 9.655190292191865876e-08
2.049074689815846000e+02 0.000000000000000000e+00 0.000000000000000000e+00 3.192722978380897915e-05 9.426608852089841569e-08
2.196385372416546886e+02 0.000000000000000000e+00 0.000000000000000000e+00 3.000443840592487073e-05 1.016601638297508355e-07
2.354286414322415339e+02 0.000000000000000000e+00 0.000000000000000000e+00 2.833981084076103417e-05 8.961528238278984837e-08
2.523539170434765992e+02 0.000000000000000000e+00 0.000000000000000000e+00 2.663691381088765728e-05 5.683273972640119128e-08
2.704959730463131677e+02 0.000000000000000000e+00 0.000000000000000000e+00 2.498951914707073094e-05 6.823559698367558096e-08
2.899422853882875302e+02 0.000000000000000000e+00 0.000000000000000000e+00 2.340917842609864264e-05 7.662375810928707015e-08
3.107866187782013867e+02 0.000000000000000000e+00 0.000000000000000000e+00 2.197777168490204104e-05 6.923137029939755800e-08
3.331294787934670012e+02 0.000000000000000000e+00 0.000000000000000000e+00 2.066709552043907957e-05 6.704294147988934647e-08
3.570785964900462659e+02 0.000000000000000000e+00 0.000000000000000000e+00 1.940957481270699146e-05 6.550972817670640041e-08
3.827494478516307481e+02 0.000000000000000000e+00 0.000000000000000000e+00 1.817948779202112748e-05 4.350122850492707347e-08
4.102658105827190411e+02 0.000000000000000000e+00 0.000000000000000000e+00 1.704542290133268008e-05 3.943412175960074047e-08
4.397603609302720997e+02 0.000000000000000000e+00 0.000000000000000000e+00 1.597704059443095021e-05 4.810894176226693429e-08
4.713753134116719252e+02 0.000000000000000000e+00 0.000000000000000000e+00 1.501329923273581717e-05 3.866712325583044723e-08
5.052631065335679637e+02 0.000000000000000000e+00 0.000000000000000000e+00 1.405993062393216957e-05 3.846161871719867291e-08
5.415871378079465330e+02 0.000000000000000000e+00 0.000000000000000000e+00 1.316970714907480135e-05 3.924130069196784666e-08
5.805225516094895966e+02 0.000000000000000000e+00 0.000000000000000000e+00 1.235327199657077444e-05 2.413284760152796753e-08
6.222570836730230894e+02 0.000000000000000000e+00 0.000000000000000000e+00 1.159648786136751380e-05 2.376421367086271235e-08
6.669919663030115089e+02 0.000000000000000000e+00 0.000000000000000000e+00 1.086053057266138701e-05 2.443582182109914802e-08
7.149428986597577023e+02 0.000000000000000000e+00 0.000000000000000000e+00 1.016270289692008492e-05 2.967608334699702313e-08
7.663410868007447334e+02 0.000000000000000000e+00 0.000000000000000000e+00 9.498973522068505809e-06 2.438666484056589440e-08
8.214343584919421346e+02 0.000000000000000000e+00 0.000000000000000000e+00 8.896214959711910229e-06 2.007395334244562000e-08
8.804883581643464368e+02 0.000000000000000000e+00 0.000000000000000000e+00 8.324302066925050344e-06 1.525729023028863965e-08
9.437878277775371316e+02 0.000000000000000000e+00 0.000000000000000000e+00 7.779458484439761269e-06 1.567647986657075947e-08
1.011637979766207081e+03 0.000000000000000000e+00 0.000000000000000000e+00 7.280409998397702987e-06 1.439379292278763296e-08
1.084365968689608735e+03 0.000000000000000000e+00 0.000000000000000000e+00 6.836619121107499616e-06 1.626007201342250873e-08
1.162322468679851909e+03 0.000000000000000000e+00 0.000000000000000000e+00 6.384360605654016531e-06 1.484033315119730625e-08
1.245883364295008050e+03 0.000000000000000000e+00 0.000000000000000000e+00 5.942955902506488450e-06 1.934762852028346915e-08
1.335451562929897364e+03 0.000000000000000000e+00 0.000000000000000000e+00 5.547888437518537634e-06 1.818530574092424156e-08
1.431458937523478653e+03 0.000000000000000000e+00 0.000000000000000000e+00 5.213587371181524640e-06 1.485811411387466081e-08
1.534368408930009991e+03 0.000000000000000000e+00 0.000000000000000000e+00 4.878696270179680040e-06 1.477503878429838391e-08
1.644676177994662794e+03 0.000000000000000000e+00 0.000000000000000000e+00 4.561809352402515280e-06 1.208685494785678683e-08
1.762914118095947970e+03 0.000000000000000000e+00 0.000000000000000000e+00 4.255683230875685655e-06 1.293042408362030534e-08
1.889652339691207771e+03 0.000000000000000000e+00 0.000000000000000000e+00 3.970999649136245746e-06 1.214399017304118752e-08
2.025501939230666494e+03 0.000000000000000000e+00 0.000000000000000000e+00 3.704320336390183948e-06 1.294006400989669751e-08
2.171117945694501032e+03 0.000000000000000000e+00 0.000000000000000000e+00 3.468596199879788135e-06 1.013540810287571374e-08
2.327202478960407461e+03 0.000000000000000000e+00 0.000000000000000000e+00 3.237586050620656761e-06 9.666634553580581922e-09
2.494508135230316384e+03 0.000000000000000000e+00 0.000000000000000000e+00 3.035473091057972098e-06 8.979531001988574678e-09
2.673841615839944097e+03 0.000000000000000000e+00 0.000000000000000000e+00 2.835143515867019279e-06 9.244943552500140601e-09
2.866067616948250361e+03 0.000000000000000000e+00 0.000000000000000000e+00 2.643862733451292828e-06 6.401565647008324826e-09
3.072112998861752658e+03 0.000000000000000000e+00 0.000000000000000000e+00 2.473819358820702140e-06 5.329704690353398768e-09
3.292971255097148060e+03 0.000000000000000000e+00 0.000000000000000000e+00 2.310780219704060876e-06 4.745179828007897843e-09
3.529707302730650099e+03 0.000000000000000000e+00 0.000000000000000000e+00 2.160405265076052160e-06 4.971212758525539113e-09
3.783462617131925072e+03 0.000000000000000000e+00 0.000000000000000000e+00 2.017746935563405525e-06 4.737383049432134070e-09
4.055460735840827510e+03 0.000000000000000000e+00 0.000000000000000000e+00 1.874501170208003359e-06 4.277369528061511189e-09
4.347013158125017071e+03 0.000000000000000000e+00 0.000000000000000000e+00 1.752546937863899345e-06 4.252553428856539787e-09
4.659525668664677141e+03 0.000000000000000000e+00 0.000000000000000000e+00 1.638006393606023519e-06 3.544051423066594791e-09
4.994505115855139593e+03 0.000000000000000000e+00 0.000000000000000000e+00 1.531109641866966145e-06 3.846841556078734843e-09
5.353566677410718512e+03 0.000000000000000000e+00 0.000000000000000000e+00 1.430207058495214069e-06 2.996983279817506851e-09
5.738441648302392423e+03 0.000000000000000000e+00 0.000000000000000000e+00 1.333894294971640071e-06 2.630845080269091647e-09
6.150985788580504050e+03 0.000000000000000000e+00 0.000000000000000000e+00 1.245288297761085751e-06 2.372298916026063775e-09
6.593188271333541707e+03 0.000000000000000000e+00 0.000000000000000000e+00 1.163465620095155438e-06 2.326020845027327295e-09
7.067181273927491020e+03 0.000000000000000000e+00 0.000000000000000000e+00 1.085319423870590474e-06 1.701885440854503792e-09
7.575250258771904555e+03 0.000000000000000000e+00 0.000000000000000000e+00 1.013189555852501825e-06 1.509972399487568278e-09
8.119844993184008672e+03 0.000000000000000000e+00 0.000000000000000000e+00 9.452340506759707541e-07 1.783088152624157414e-09
8.703591361485165180e+03 0.000000000000000000e+00 0.000000000000000000e+00 8.832481592130052447e-07 1.663372246593776437e-09
9.329304026284677093e+03 0.000000000000000000e+00 0.000000000000000000e+00 8.244851149515746046e-07 1.320469402014056275e-09
1.000000000000000000e+04 0.000000000000000000e+00 0.000000000000000000e+00 7.688583402538615224e-07 1.212892991273524808e-09