1.000000000000000021e-02 0.000000000000000000e+00 0.000000000000000000e+00 0.000000000000000000e+00 0.000000000000000000e+00
1.071891319205127598e-02 0.000000000000000000e+00 0.000000000000000000e+00 0.000000000000000000e+00 0.000000000000000000e+00
1.148951000187309161e-02 0.000000000000000000e+00 0.000000000000000000e+00 0.000000000000000000e+00 0.000000000000000000e+00
1.231550603292825598e-02 0.000000000000000000e+00 0.000000000000000000e+00 0.000000000000000000e+00 0.000000000000000000e+00
1.320088400831418048e-02 0.000000000000000000e+00 0.000000000000000000e+00 0.000000000000000000e+00 0.000000000000000000e+00
1.414991297434575919e-02 0.000000000000000000e+00 0.000000000000000000e+00 0.000000000000000000e+00 0.000000000000000000e+00
1.516716888470922599e-02 0.000000000000000000e+00 0.000000000000000000e+00 0.000000000000000000e+00 0.000000000000000000e+00
1.625755666443794156e-02 0.000000000000000000e+00 0.000000000000000000e+00 0.000000000000000000e+00 0.000000000000000000e+00
1.742633386009649968e-02 0.000000000000000000e+00 0.000000000000000000e+00 0.000000000000000000e+00 0.000000000000000000e+00
1.867913599020782842e-02 0.000000000000000000e+00 0.000000000000000000e+00 0.000000000000000000e+00 0.000000000000000000e+00
2.002200371815584384e-02 0.000000000000000000e+00 0.000000000000000000e+00 0.000000000000000000e+00 0.000000000000000000e+00
2.146141197858403640e-02 0.000000000000000000e+00 0.000000000000000000e+00 0.000000000000000000e+00 0.000000000000000000e+00
2.300430119772918156e-02 0.000000000000000000e+00 0.000000000000000000e+00 0.000000000000000000e+00 0.000000000000000000e+00
2.465811075822602755e-02 0.000000000000000000e+00 0.000000000000000000e+00 0.000000000000000000e+00 0.000000000000000000e+00
2.643081486974105734e-02 0.000000000000000000e+00 0.000000000000000000e+00 0.000000000000000000e+00 0.000000000000000000e+00
2.833096101839324005e-02 0.000000000000000000e+00 0.000000000000000000e+00 0.000000000000000000e+00 0.000000000000000000e+00
3.036771118035457365e-02 0.000000000000000000e+00 0.000000000000000000e+00 0.000000000000000000e+00 0.000000000000000000e+00
3.255088599835058438e-02 0.000000000000000000e+00 0.000000000000000000e+00 0.000000000000000000e+00 0.000000000000000000e+00
3.489101213406773511e-02 0.000000000000000000e+00 0.000000000000000000e+00 0.000000000000000000e+00 0.000000000000000000e+00
3.739937302478797687e-02 0.000000000000000000e+00 0.000000000000000000e+00 0.000000000000000000e+00 0.000000000000000000e+00
4.008806328898464888e-02 0.000000000000000000e+00 0.000000000000000000e+00 0.000000000000000000e+00 0.000000000000000000e+00
4.297004704320839252e-02 0.000000000000000000e+00 0.000000000000000000e+00 1.999999999999999909e-07 1.788854381999831859e-07
4.605922041145105866e-02 0.000000000000000000e+00 0.000000000000000000e+00 5.999999999999999728e-07 3.577708763999663717e-07
4.937047852839003548e-02 0.000000000000000000e+00 0.000000000000000000e+00 8.040563019880880743e-06 5.569078385028572765e-07
5.291978735958442065e-02 0.000000000000000000e+00 0.000000000000000000e+00 9.709777247711922645e-05 2.802859366667858026e-06
5.672426068491977919e-02 0.000000000000000000e+00 0.000000000000000000e+00 4.564293315552745041e-04 9.343361520185717423e-06
6.080224261649420925e-02 0.000000000000000000e+00 0.000000000000000000e+00 1.565244067658511096e-03 1.757426377851134715e-05
6.517339604882423088e-02 0.000000000000000000e+00 0.000000000000000000e+00 4.083155750321679558e-03 2.730983263076023983e-05
6.985879746785249311e-02 0.000000000000000000e+00 0.000000000000000000e+00 5.295942729909745156e-03 2.668766420776219980e-05
7.488103857590022727e-02 0.000000000000000000e+00 0.000000000000000000e+00 6.743279571861067431e-06 7.638115471279611170e-07
8.026433522257174491e-02 0.000000000000000000e+00 0.000000000000000000e+00 4.240296336782083442e-06 2.771045139470333649e-07
8.603464416684500349e-02 0.000000000000000000e+00 0.000000000000000000e+00 1.332541680689467994e-05 1.258216118132688240e-06
9.221978823334327224e-02 0.000000000000000000e+00 0.000000000000000000e+00 2.691005910963402520e-05 1.222875905303667370e-06
9.884959046625586832e-02 0.000000000000000000e+00 0.000000000000000000e+00 6.392229122424169141e-05 2.404107821745598511e-06
1.059560179277615893e-01 0.000000000000000000e+00 0.000000000000000000e+00 2.083246711060683881e-04 1.750432285618737148e-06
1.135733358343105209e-01 0.000000000000000000e+00 0.000000000000000000e+00 6.293715486338255331e-04 6.135184973376035781e-06
1.217382727739661358e-01 0.000000000000000000e+00 0.000000000000000000e+00 1.351798930131117502e-03 1.409840588690672246e-05
1.304901978014402220e-01 0.000000000000000000e+00 0.000000000000000000e+00 2.406868530781403580e-03 1.716959881470260456e-05
1.398713102647237971e-01 0.000000000000000000e+00 0.000000000000000000e+00 4.158536979348056647e-03 2.950820383652393960e-05
1.499268432786045602e-01 0.000000000000000000e+00 0.000000000000000000e+00 6.158946722227843715e-03 3.680732894465597356e-05
1.607052818261638372e-01 0.000000000000000000e+00 0.000000000000000000e+00 8.306574083898140767e-03 2.117257972166795152e-05
1.722585965398786556e-01 0.000000000000000000e+00 0.000000000000000000e+00 1.015849230989011344e-02 5.275481351696700377e-05
1.846424942895543431e-01 0.000000000000000000e+00 0.000000000000000000e+00 1.170991224515585509e-02 4.217854127218168610e-05
1.979166867853556222e-01 0.000000000000000000e+00 0.000000000000000000e+00 1.281733991962808773e-02 4.975610957560837555e-05
2.121451784910629856e-01 0.000000000000000000e+00 0.000000000000000000e+00 1.360902557635212430e-02 6.879284505700176608e-05
2.273965752357927639e-01 0.000000000000000000e+00 0.000000000000000000e+00 1.394172392352444403e-02 3.890155720468044584e-05
2.437444150122220488e-01 0.000000000000000000e+00 0.000000000000000000e+00 1.375126874950293766e-02 5.034016556185951261e-05
2.612675225563327874e-01 0.000000000000000000e+00 0.000000000000000000e+00 1.337700051428820057e-02 3.911346781117753493e-05
2.800503894183630771e-01 0.000000000000000000e+00 0.000000000000000000e+00 1.271027081197489625e-02 4.343988891245391414e-05
3.001835813575589040e-01 0.000000000000000000e+00 0.000000000000000000e+00 1.195013915201363977e-02 3.005909033853585105e-05
3.217641750250735400e-01 0.000000000000000000e+00 0.000000000000000000e+00 1.116788066531370673e-02 3.558654759730494487e-05
3.448962260405757929e-01 0.000000000000000000e+00 0.000000000000000000e+00 1.028985310898664768e-02 2.480304435553379891e-05
3.696912707195026404e-01 0.000000000000000000e+00 0.000000000000000000e+00 9.425129708283779689e-03 3.321714246346533828e-05
3.962688638701478139e-01 0.000000000000000000e+00 0.000000000000000000e+00 8.792393693503942551e-03 2.415152112134910271e-05
4.247571552536898443e-01 0.000000000000000000e+00 0.000000000000000000e+00 7.956134114812945732e-03 2.938971537895484806e-05
4.552935074866947818e-01 0.000000000000000000e+00 0.000000000000000000e+00 7.441401170922469152e-03 4.556385854981781833e-05
4.880251583654431347e-01 0.000000000000000000e+00 0.000000000000000000e+00 6.846637552195356316e-03 4.317603386591455669e-05
5.231099308056260666e-01 0.000000000000000000e+00 0.000000000000000000e+00 6.359415165546980844e-03 1.595368935245308867e-05
5.607169938205458504e-01 0.000000000000000000e+00 0.000000000000000000e+00 5.850520230058343582e-03 5.393202248450464815e-06
6.010276782070381740e-01 0.000000000000000000e+00 0.000000000000000000e+00 5.446747343666400940e-03 1.195809881681142268e-05
6.442363508721370424e-01 0.000000000000000000e+00 0.000000000000000000e+00 5.090453880682745472e-03 2.938617548480330357e-05
6.905513520162327445e-01 0.000000000000000000e+00 0.000000000000000000e+00 4.794109202538419587e-03 2.035330209976351603e-05
7.401959996915641327e-01 0.000000000000000000e+00 0.000000000000000000e+00 4.507512848600333209e-03 1.426795762294522633e-05
7.934096665797492065e-01 0.000000000000000000e+00 0.000000000000000000e+00 4.232139378371135852e-03 1.242603091048368696e-05
8.504489341802676794e-01 0.000000000000000000e+00 0.000000000000000000e+00 3.988276884696837291e-03 2.577985784486840469e-05
9.115888299750818380e-01 0.000000000000000000e+00 0.000000000000000000e+00 3.773733646019810598e-03 1.869089003377982661e-05
9.771241535346496532e-01 0.000000000000000000e+00 0.000000000000000000e+00 3.500889324086107427e-03 6.623360644351432214e-06
1.047370897959449820e+00 0.000000000000000000e+00 0.000000000000000000e+00 3.284785803366695785e-03 1.927558485739985647e-05
1.122667773510813483e+00 0.000000000000000000e+00 0.000000000000000000e+00 3.156196240343345921e-03 8.103095615641288063e-06
1.203377840777589247e+00 0.000000000000000000e+00 0.000000000000000000e+00 2.937363558797301526e-03 6.438680200801961516e-06
1.289890261253308079e+00 0.000000000000000000e+00 0.000000000000000000e+00 2.756591617738319774e-03 1.360216272664373707e-05
1.382622173764654905e+00 0.000000000000000000e+00 0.000000000000000000e+00 2.605997306950263905e-03 8.511877277421510944e-06
1.482020705798858584e+00 0.000000000000000000e+00 0.000000000000000000e+00 2.470867858632523877e-03 1.279286152498067752e-05
1.588565129428052725e+00 0.000000000000000000e+00 0.000000000000000000e+00 2.333774494308710982e-03 7.141116207589765472e-06
1.702769172225899519e+00 0.000000000000000000e+00 0.000000000000000000e+00 2.256352808116536459e-03 9.357208290801438184e-06
1.825183494319042365e+00 0.000000000000000000e+00 0.000000000000000000e+00 2.138077988856811919e-03 4.052642157786025711e-06
1.956398343517062877e+00 0.000000000000000000e+00 0.000000000000000000e+00 2.079863024689856434e-03 6.653917513861204066e-06
2.097046401323232612e+00 0.000000000000000000e+00 0.000000000000000000e+00 2.014114187984382409e-03 5.829737865607678258e-06
2.247805833548725207e+00 0.000000000000000000e+00 0.000000000000000000e+00 1.980062596875405319e-03 9.177903302120547348e-06
2.409403560239524289e+00 0.000000000000000000e+00 0.000000000000000000e+00 1.920364012890688225e-03 5.587958548159891542e-06
2.582618760682674708e+00 0.000000000000000000e+00 0.000000000000000000e+00 1.903378457081815163e-03 9.741782639445415527e-06
2.768286630392063685e+00 0.000000000000000000e+00 0.000000000000000000e+00 1.881109465530674723e-03 7.226394844529220575e-06
2.967302408188869478e+00 0.000000000000000000e+00 0.000000000000000000e+00 1.860422245427004271e-03 7.271625428221791650e-06
3.180625692794118997e+00 0.000000000000000000e+00 0.000000000000000000e+00 1.855274845103322898e-03 6.041486049386654649e-06
3.409285069746811114e+00 0.000000000000000000e+00 0.000000000000000000e+00 1.852887037315129395e-03 3.600135268568915697e-06
3.654383070957254454e+00 0.000000000000000000e+00 0.000000000000000000e+00 1.859118843073585218e-03 5.602814011407538957e-06
3.917101490809256514e+00 0.000000000000000000e+00 0.000000000000000000e+00 1.843824520215820925e-03 9.615309717402115833e-06
4.198707084443910276e+00 0.000000000000000000e+00 0.000000000000000000e+00 1.874316021610345244e-03 8.259684558386561252e-06
4.500557675700497917e+00 0.000000000000000000e+00 0.000000000000000000e+00 1.899113312451395936e-03 8.320042761849801439e-06
4.824108704165368522e+00 0.000000000000000000e+00 0.000000000000000000e+00 1.904498025509985095e-03 3.326104610229597391e-06
5.170920242896754893e+00 0.000000000000000000e+00 0.000000000000000000e+00 1.935690103195947340e-03 6.971126140230359512e-06
5.542664520663101335e+00 0.000000000000000000e+00 0.000000000000000000e+00 1.956961795006041584e-03 3.167504139195900126e-06
5.941133984965033754e+00 0.000000000000000000e+00 0.000000000000000000e+00 1.973904793988069586e-03 4.785271314439867250e-06
6.368249944718586519e+00 0.000000000000000000e+00 0.000000000000000000e+00 2.015462309775104856e-03 2.850436325811171487e-06
6.826071834272386063e+00 0.000000000000000000e+00 0.000000000000000000e+00 2.032585609190677885e-03 3.237534701697248207e-06
7.316807143427192628e+00 0.000000000000000000e+00 0.000000000000000000e+00 2.045928081074027509e-03 6.771401984327682824e-06
7.842822061337681561e+00 0.000000000000000000e+00 0.000000000000000000e+00 2.065692823042284982e-03 5.831877626386388437e-06
8.406652885618324689e+00 0.000000000000000000e+00 0.000000000000000000e+00 2.080679661228229064e-03 3.978791019519936410e-06
9.011018251665019463e+00 0.000000000000000000e+00 0.000000000000000000e+00 2.087618114080764219e-03 4.703097688583859808e-06
9.658832241158698650e+00 0.000000000000000000e+00 0.000000000000000000e+00 2.081194037997166797e-03 6.826321894296110210e-06
1.035321843295661637e+01 0.000000000000000000e+00 0.000000000000000000e+00 2.081901689911919411e-03 4.292709173428852491e-06
1.109752496412072098e+01 0.000000000000000000e+00 0.000000000000000000e+00 2.076039299145297085e-03 4.632092041914790832e-06
1.189534067370319548e+01 0.000000000000000000e+00 0.000000000000000000e+00 2.056296717771979865e-03 2.958631582912196395e-06
1.275051240713012923e+01 0.000000000000000000e+00 0.000000000000000000e+00 2.033144581287611979e-03 3.004554781914041485e-06
1.366716356462005955e+01 0.000000000000000000e+00 0.000000000000000000e+00 2.000368729161169576e-03 5.745051918171612818e-06
1.464971398307284822e+01 0.000000000000000000e+00 0.000000000000000000e+00 1.964036036452080670e-03 4.828106218434730229e-06
1.570290124729377546e+01 0.000000000000000000e+00 0.000000000000000000e+00 1.919713652847476358e-03 3.723159905621192703e-06
1.683180353330956791e+01 0.000000000000000000e+00 0.000000000000000000e+00 1.887633102274153662e-03 2.971068880408076759e-06
1.804186409392071866e+01 0.000000000000000000e+00 0.000000000000000000e+00 1.830966674513392249e-03 2.629649325535425493e-06
1.933891750455230252e+01 0.000000000000000000e+00 0.000000000000000000e+00 1.777787787122793450e-03 3.014102503403060149e-06
2.072921779595369784e+01 0.000000000000000000e+00 0.000000000000000000e+00 1.729748529230573347e-03 3.835315210422837421e-06
2.221946860939523916e+01 0.000000000000000000e+00 0.000000000000000000e+00 1.670281627406288620e-03 3.061814622727284038e-06
2.381685551976158166e+01 0.000000000000000000e+00 0.000000000000000000e+00 1.610777415427015790e-03 2.594672123363167181e-06
2.552908068239516481e+01 0.000000000000000000e+00 0.000000000000000000e+00 1.555456484172580050e-03 1.223048398744363867e-06
2.736439997074669250e+01 0.000000000000000000e+00 0.000000000000000000e+00 1.493653618198676663e-03 2.000552914849609661e-06
2.933166278390042336e+01 0.000000000000000000e+00 0.000000000000000000e+00 1.435966061314088247e-03 1.704313231423084447e-06
3.144035471591499942e+01 0.000000000000000000e+00 0.000000000000000000e+00 1.379003310966322960e-03 7.915461110495646011e-07
3.370064329271928472e+01 0.000000000000000000e+00 0.000000000000000000e+00 1.319644258212179745e-03 1.904833302400292158e-06
3.612342699709430605e+01 0.000000000000000000e+00 0.000000000000000000e+00 1.261820932495869669e-03 1.204020098657981853e-06
3.872038781812553054e+01 0.000000000000000000e+00 0.000000000000000000e+00 1.205241785418997760e-03 1.044999520233471191e-06
4.150404757850472492e+01 0.000000000000000000e+00 0.000000000000000000e+00 1.150004151205090159e-03 1.510421404585330583e-06
4.448782831127585524e+01 0.000000000000000000e+00 0.000000000000000000e+00 1.098076167754756614e-03 1.254045250947753857e-06
4.768611697714469244e+01 0.000000000000000000e+00 0.000000000000000000e+00 1.047363303971706686e-03 1.176017508675336435e-06
5.111433483440165304e+01 0.000000000000000000e+00 0.000000000000000000e+00 9.948384978950828607e-04 8.941171214939244999e-07
5.478901179593939474e+01 0.000000000000000000e+00 0.000000000000000000e+00 9.412123808347326462e-04 4.609947329190155147e-07
5.872786613189477123e+01 0.000000000000000000e+00 0.000000000000000000e+00 8.981412264328651664e-04 5.168123723802555979e-07
6.294988990221887804e+01 0.000000000000000000e+00 0.000000000000000000e+00 8.532427720104552790e-04 3.716648289541900510e-07
6.747544053110692630e+01 0.000000000000000000e+00 0.000000000000000000e+00 8.117725240594323441e-04 4.640148791832435616e-07
7.232633896483532965e+01 0.000000000000000000e+00 0.000000000000000000e+00 7.698357631555497859e-04 5.054304505886289085e-07
7.752597488629456279e+01 0.000000000000000000e+00 0.000000000000000000e+00 7.301550751357777178e-04 7.296703785962013881e-07
8.309941949353387258e+01 0.000000000000000000e+00 0.000000000000000000e+00 6.899286572102590045e-04 3.037963637864778696e-07
8.907354638610439679e+01 0.000000000000000000e+00 0.000000000000000000e+00 6.545894033985904820e-04 6.028360254228802431e-07
9.547716114208056126e+01 0.000000000000000000e+00 0.000000000000000000e+00 6.203021445160727043e-04 3.430233738411596906e-07
1.023411402105452765e+02 0.000000000000000000e+00 0.000000000000000000e+00 5.886281396456933407e-04 7.256358368546367231e-07
1.096985797892384085e+02 0.000000000000000000e+00 0.000000000000000000e+00 5.539624653456063069e-04 6.890176708903707826e-07
1.175849554052155810e+02 0.000000000000000000e+00 0.000000000000000000e+00 5.229514137717898494e-04 6.670065965205830897e-07
1.260382929679727368e+02 0.000000000000000000e+00 0.000000000000000000e+00 4.942389093060975749e-04 5.921519965933275804e-07
1.350993521198025178e+02 0.000000000000000000e+00 0.000000000000000000e+00 4.681676369927269222e-04 3.207140806281074301e-07
1.448118227674532932e+02 0.000000000000000000e+00 0.000000000000000000e+00 4.403298329662654531e-04 5.499733602615354578e-07
1.552225357427047925e+02 0.000000000000000000e+00 0.000000000000000000e+00 4.163129132501587723e-04 5.208818809211106173e-07
1.663816886076127446e+02 0.000000000000000000e+00 0.000000000000000000e+00 3.931443723789817646e-04 5.513205967322475761e-07
1.783430876931909381e+02 0.000000000000000000e+00 0.000000000000000000e+00 3.710013681646140643e-04 2.368612378076224418e-07
1.911644075385699750e+02 0.000000000000000000e+00 0.000000000000000000e+00 3.487612357045463251e-04 2.494504056940961065e-07
2.049074689815846000e+02 0.000000000000000000e+00 0.000000000000000000e+00 3.279075831899110256e-04 3.004332717208206488e-07
2.196385372416546886e+02 0.000000000000000000e+00 0.000000000000000000e+00 3.082484735603250757e-04 2.853188329649964877e-07
2.354286414322415339e+02 0.000000000000000000e+00 0.000000000000000000e+00 2.905603247457642251e-04 2.355248460081587109e-07
2.523539170434765992e+02 0.000000000000000000e+00 0.000000000000000000e+00 2.741600190175977900e-04 2.906741378615062721e-07
2.704959730463131677e+02 0.000000000000000000e+00 0.000000000000000000e+00 2.572300634615323094e-04 1.905713885292398150e-07
2.899422853882875302e+02 0.000000000000000000e+00 0.000000000000000000e+00 2.419266202732157120e-04 2.489244974892013796e-07
3.107866187782013867e+02 0.000000000000000000e+00 0.000000000000000000e+00 2.272619140529442332e-04 1.872006675292782445e-07
3.331294787934670012e+02 0.000000000000000000e+00 0.000000000000000000e+00 2.135403254781495508e-04 2.331290425037222247e-07
3.570785964900462659e+02 0.000000000000000000e+00 0.000000000000000000e+00 2.009557380198000610e-04 2.252447503700782463e-07
3.827494478516307481e+02 0.000000000000000000e+00 0.000000000000000000e+00 1.887030873727603387e-04 5.291258946579152083e-08
4.102658105827190411e+02 0.000000000000000000e+00 0.000000000000000000e+00 1.771204538801224629e-04 1.097219702359912192e-07
4.397603609302720997e+02 0.000000000000000000e+00 0.000000000000000000e+00 1.660034983411773411e-04 1.909482183059334447e-07
4.713753134116719252e+02 0.000000000000000000e+00 0.000000000000000000e+00 1.559194252781284369e-04 1.526600278015061279e-07
5.052631065335679637e+02 0.000000000000000000e+00 0.000000000000000000e+00 1.466382086463312653e-04 9.295918844137479930e-08
5.415871378079465330e+02 0.000000000000000000e+00 0.000000000000000000e+00 1.372151243128071389e-04 4.359175191018225205e-08
5.805225516094895966e+02 0.000000000000000000e+00 0.000000000000000000e+00 1.284746287375263473e-04 1.265693389631643492e-07
6.222570836730230894e+02 0.000000000000000000e+00 0.000000000000000000e+00 1.207223743475068509e-04 7.952558742371367770e-08
6.669919663030115089e+02 0.000000000000000000e+00 0.000000000000000000e+00 1.130515500931385063e-04 7.582896527753224009e-08
7.149428986597577023e+02 0.000000000000000000e+00 0.000000000000000000e+00 1.058915344147510790e-04 6.652959412526253811e-08
7.663410868007447334e+02 0.000000000000000000e+00 0.000000000000000000e+00 9.936553231004213629e-05 9.691419525013697814e-08
8.214343584919421346e+02 0.000000000000000000e+00 0.000000000000000000e+00 9.304121938709427188e-05 3.306125238590665730e-08
8.804883581643464368e+02 0.000000000000000000e+00 0.000000000000000000e+00 8.716116138192141801e-05 1.146499647208230655e-07
9.437878277775371316e+02 0.000000000000000000e+00 0.000000000000000000e+00 8.152946459150987413e-05 3.941665223287636606e-08
1.011637979766207081e+03 0.000000000000000000e+00 0.000000000000000000e+00 7.652761435215788542e-05 5.985718163534498708e-08
1.084365968689608735e+03 0.000000000000000000e+00 0.000000000000000000e+00 7.201654330512397657e-05 5.801581535736195513e-08
1.162322468679851909e+03 0.000000000000000000e+00 0.000000000000000000e+00 6.727973497408501480e-05 4.195493841555740223e-08
1.245883364295008050e+03 0.000000000000000000e+00 0.000000000000000000e+00 6.260000264102989526e-05 6.399507924648315354e-08
1.335451562929897364e+03 0.000000000000000000e+00 0.000000000000000000e+00 5.863932279629864135e-05 5.097635169195001123e-08
1.431458937523478653e+03 0.000000000000000000e+00 0.000000000000000000e+00 5.507867522089496097e-05 5.362266616691280786e-08
1.534368408930009991e+03 0.000000000000000000e+00 0.000000000000000000e+00 5.179502256305836336e-05 3.500463401265719736e-08
1.644676177994662794e+03 0.000000000000000000e+00 0.000000000000000000e+00 4.842256599196175881e-05 5.798782469011262234e-08
1.762914118095947970e+03 0.000000000000000000e+00 0.000000000000000000e+00 4.524478972236377252e-05 5.815282222059469711e-08
1.889652339691207771e+03 0.000000000000000000e+00 0.000000000000000000e+00 4.227965677746708072e-05 5.724050506635161840e-08
2.025501939230666494e+03 0.000000000000000000e+00 0.000000000000000000e+00 3.947070032022091554e-05 4.665965899076445178e-08
2.171117945694501032e+03 0.000000000000000000e+00 0.000000000000000000e+00 3.705978749270723906e-05 1.762901692067960034e-08
2.327202478960407461e+03 0.000000000000000000e+00 0.000000000000000000e+00 3.463636911323359494e-05 2.905296991257960145e-08
2.494508135230316384e+03 0.000000000000000000e+00 0.000000000000000000e+00 3.247376993418257059e-05 2.522755916830349549e-08
2.673841615839944097e+03 0.000000000000000000e+00 0.000000000000000000e+00 3.033305233469633927e-05 2.701909596990957420e-08
2.866067616948250361e+03 0.000000000000000000e+00 0.000000000000000000e+00 2.837220358746913386e-05 1.549968221546990975e-08
3.072112998861752658e+03 0.000000000000000000e+00 0.000000000000000000e+00 2.647866376280612200e-05 1.578689873291707691e-08
3.292971255097148060e+03 0.000000000000000000e+00 0.000000000000000000e+00 2.481134028787034421e-05 2.070084208696811902e-08
3.529707302730650099e+03 0.000000000000000000e+00 0.000000000000000000e+00 2.320516913545719168e-05 2.661159707064885183e-08
3.783462617131925072e+03 0.000000000000000000e+00 0.000000000000000000e+00 2.174387434121489255e-05 1.328318567614809999e-08
4.055460735840827510e+03 0.000000000000000000e+00 0.000000000000000000e+00 2.028261135112205638e-05 1.358156336887598967e-08
4.347013158125017071e+03 0.000000000000000000e+00 0.000000000000000000e+00 1.896151785161791066e-05 1.699402388786174574e-08
4.659525668664677141e+03 0.000000000000000000e+00 0.000000000000000000e+00 1.774848723367105269e-05 1.434046909861534963e-08
4.994505115855139593e+03 0.000000000000000000e+00 0.000000000000000000e+00 1.663553466375431616e-05 1.937592831485849602e-08
5.353566677410718512e+03 0.000000000000000000e+00 0.000000000000000000e+00 1.552372479686437242e-05 1.880153509445284500e-08
5.738441648302392423e+03 0.000000000000000000e+00 0.000000000000000000e+00 1.450594605392621907e-05 1.034686128080973609e-08
6.150985788580504050e+03 0.000000000000000000e+00 0.000000000000000000e+00 1.358274708362788625e-05 1.818283662602133749e-08
6.593188271333541707e+03 0.000000000000000000e+00 0.000000000000000000e+00 1.269510736776065417e-05 1.234186689792152957e-08
7.067181273927491020e+03 0.000000000000000000e+00 0.000000000000000000e+00 1.187035179705644823e-05 7.347228065839915094e-09
7.575250258771904555e+03 0.000000000000000000e+00 0.000000000000000000e+00 1.107511137803625771e-05 1.201915136361047883e-08
8.119844993184008672e+03 0.000000000000000000e+00 0.000000000000000000e+00 1.036988700179145931e-05 7.206580164992303453e-09
8.703591361485165180e+03 0.000000000000000000e+00 0.000000000000000000e+00 9.697201719219092776e-06 6.967522396813762201e-09
9.329304026284677093e+03 0.000000000000000000e+00 0.000000000000000000e+00 9.071744307742526660e-06 1.776877829626595183e-09
1.000000000000000000e+04 0.000000000000000000e+00 0.000000000000000000e+00 8.486972947786761078e-06 5.586665145107784825e-09