1.000000000000000021e-02 0.000000000000000000e+00 0.000000000000000000e+00 1.000000000017186030e+00 0.000000000000000000e+00
1.071891319205127598e-02 0.000000000000000000e+00 0.000000000000000000e+00 9.999998163831140818e-01 1.642342825492399633e-07
1.148951000187309161e-02 0.000000000000000000e+00 0.000000000000000000e+00 9.999998163831140818e-01 1.642342825492399633e-07
1.231550603292825598e-02 0.000000000000000000e+00 0.000000000000000000e+00 9.999998174368481818e-01 1.633040071931578333e-07
1.320088400831418048e-02 0.000000000000000000e+00 0.000000000000000000e+00 9.999986292256037856e-01 6.562572450044843910e-07
1.414991297434575919e-02 0.000000000000000000e+00 0.000000000000000000e+00 9.999928197335690161e-01 1.024805742670215232e-06
1.516716888470922599e-02 0.000000000000000000e+00 0.000000000000000000e+00 9.999428313647251709e-01 3.671081426947011693e-06
1.625755666443794156e-02 0.000000000000000000e+00 0.000000000000000000e+00 9.997056481285921947e-01 9.524212124226908002e-06
1.742633386009649968e-02 0.000000000000000000e+00 0.000000000000000000e+00 9.988613679942766055e-01 7.848669537820745972e-06
1.867913599020782842e-02 0.000000000000000000e+00 0.000000000000000000e+00 9.962023143650607926e-01 1.161323343039274247e-05
2.002200371815584384e-02 0.000000000000000000e+00 0.000000000000000000e+00 9.905059389835531025e-01 5.062250741041289195e-05
2.146141197858403640e-02 0.000000000000000000e+00 0.000000000000000000e+00 9.783312339642712407e-01 3.484185476852228000e-05
2.300430119772918156e-02 0.000000000000000000e+00 0.000000000000000000e+00 9.580558884373470141e-01 9.593701315319822984e-05
2.465811075822602755e-02 0.000000000000000000e+00 0.000000000000000000e+00 9.263779573978986326e-01 7.293002824419355897e-05
2.643081486974105734e-02 0.000000000000000000e+00 0.000000000000000000e+00 8.863842177376308751e-01 4.933032190931253727e-05
2.833096101839324005e-02 0.000000000000000000e+00 0.000000000000000000e+00 8.360278545729089572e-01 4.168240886954046372e-05
3.036771118035457365e-02 0.000000000000000000e+00 0.000000000000000000e+00 7.728773046399812774e-01 9.021359278479665713e-05
3.255088599835058438e-02 0.000000000000000000e+00 0.000000000000000000e+00 7.044283690717936253e-01 1.511668243440413202e-04
3.489101213406773511e-02 0.000000000000000000e+00 0.000000000000000000e+00 6.353476062328210494e-01 1.093095902537844004e-04
3.739937302478797687e-02 0.000000000000000000e+00 0.000000000000000000e+00 5.666835335000767193e-01 1.217479997096903676e-04
4.008806328898464888e-02 0.000000000000000000e+00 0.000000000000000000e+00 4.988093270508405785e-01 1.593844108749116397e-04
4.297004704320839252e-02 0.000000000000000000e+00 0.000000000000000000e+00 4.324921765202878743e-01 1.548867893471354189e-04
4.605922041145105866e-02 0.000000000000000000e+00 0.000000000000000000e+00 3.724357571294905633e-01 1.510314834568223842e-04
4.937047852839003548e-02 0.000000000000000000e+00 0.000000000000000000e+00 3.950120749134828357e-01 1.995578706658412364e-04
5.291978735958442065e-02 0.000000000000000000e+00 0.000000000000000000e+00 8.221452261722361765e-01 5.382507298630488012e-05
5.672426068491977919e-02 0.000000000000000000e+00 0.000000000000000000e+00 7.629087829134301169e-01 5.029267346026335134e-05
6.080224261649420925e-02 0.000000000000000000e+00 0.000000000000000000e+00 6.979520821374156636e-01 1.663565524817970645e-04
6.517339604882423088e-02 0.000000000000000000e+00 0.000000000000000000e+00 6.310209295549598085e-01 1.347747069642432443e-04
6.985879746785249311e-02 0.000000000000000000e+00 0.000000000000000000e+00 5.649697900014349905e-01 1.668129507617524369e-04
7.488103857590022727e-02 0.000000000000000000e+00 0.000000000000000000e+00 5.001726012031380009e-01 1.614936629118558277e-04
8.026433522257174491e-02 0.000000000000000000e+00 0.000000000000000000e+00 4.371523646903188731e-01 1.644851630667449162e-04
8.603464416684500349e-02 0.000000000000000000e+00 0.000000000000000000e+00 3.799244839532908147e-01 1.212730668188927337e-04
9.221978823334327224e-02 0.000000000000000000e+00 0.000000000000000000e+00 3.278023333466503209e-01 1.407162388330125160e-04
9.884959046625586832e-02 0.000000000000000000e+00 0.000000000000000000e+00 2.817465466980229039e-01 1.425362005808651145e-04
1.059560179277615893e-01 0.000000000000000000e+00 0.000000000000000000e+00 2.381200288166436807e-01 1.508449035782515220e-04
1.135733358343105209e-01 0.000000000000000000e+00 0.000000000000000000e+00 1.995364396858654021e-01 1.548580416482366853e-04
1.217382727739661358e-01 0.000000000000000000e+00 0.000000000000000000e+00 1.690054821640222249e-01 1.568869171407594036e-04
1.304901978014402220e-01 0.000000000000000000e+00 0.000000000000000000e+00 1.450000247356758309e-01 1.046593764082981822e-04
1.398713102647237971e-01 0.000000000000000000e+00 0.000000000000000000e+00 1.201142442718551029e-01 1.321098322674485806e-04
1.499268432786045602e-01 0.000000000000000000e+00 0.000000000000000000e+00 1.004493502083027429e-01 1.172615643315268224e-04
1.607052818261638372e-01 0.000000000000000000e+00 0.000000000000000000e+00 8.386025045859445137e-02 1.157158268572585784e-04
1.722585965398786556e-01 0.000000000000000000e+00 0.000000000000000000e+00 7.098628987808887347e-02 1.125633728110320315e-04
1.846424942895543431e-01 0.000000000000000000e+00 0.000000000000000000e+00 5.833515549954926271e-02 7.754863943546292282e-05
1.979166867853556222e-01 0.000000000000000000e+00 0.000000000000000000e+00 4.833822876182005540e-02 3.660914702041505607e-05
2.121451784910629856e-01 0.000000000000000000e+00 0.000000000000000000e+00 4.048824754366302930e-02 4.810564566537958150e-05
2.273965752357927639e-01 0.000000000000000000e+00 0.000000000000000000e+00 3.399772582721000830e-02 4.709929481256115431e-05
2.437444150122220488e-01 0.000000000000000000e+00 0.000000000000000000e+00 2.820027389583544888e-02 7.772386798303559919e-05
2.612675225563327874e-01 0.000000000000000000e+00 0.000000000000000000e+00 2.367628913257160267e-02 4.211395860460271441e-05
2.800503894183630771e-01 0.000000000000000000e+00 0.000000000000000000e+00 1.987545182418545137e-02 5.936715559096087394e-05
3.001835813575589040e-01 0.000000000000000000e+00 0.000000000000000000e+00 1.681623782630994879e-02 4.227631471910185332e-05
3.217641750250735400e-01 0.000000000000000000e+00 0.000000000000000000e+00 1.427648018827150020e-02 2.890609454650197588e-05
3.448962260405757929e-01 0.000000000000000000e+00 0.000000000000000000e+00 1.224832386116888813e-02 2.897087800292047190e-05
3.696912707195026404e-01 0.000000000000000000e+00 0.000000000000000000e+00 1.054827707262724623e-02 5.467203342079429061e-05
3.962688638701478139e-01 0.000000000000000000e+00 0.000000000000000000e+00 9.147174141503471370e-03 5.304424444379901278e-05
4.247571552536898443e-01 0.000000000000000000e+00 0.000000000000000000e+00 7.971414773288181335e-03 1.998639579440090024e-05
4.552935074866947818e-01 0.000000000000000000e+00 0.000000000000000000e+00 6.987458659639927960e-03 2.248706858863183089e-05
4.880251583654431347e-01 0.000000000000000000e+00 0.000000000000000000e+00 6.185299068384812575e-03 3.591943977614547179e-05
5.231099308056260666e-01 0.000000000000000000e+00 0.000000000000000000e+00 5.473398594926531628e-03 2.925043137375538707e-05
5.607169938205458504e-01 0.000000000000000000e+00 0.000000000000000000e+00 4.908905278591830894e-03 3.145174984934351401e-05
6.010276782070381740e-01 0.000000000000000000e+00 0.000000000000000000e+00 4.382571602298406498e-03 2.434619489678720961e-05
6.442363508721370424e-01 0.000000000000000000e+00 0.000000000000000000e+00 3.956972541824040068e-03 2.332739908443152275e-05
6.905513520162327445e-01 0.000000000000000000e+00 0.000000000000000000e+00 3.564982048988812966e-03 2.038990607069967421e-05
7.401959996915641327e-01 0.000000000000000000e+00 0.000000000000000000e+00 3.211814177282561363e-03 9.215243330655994552e-06
7.934096665797492065e-01 0.000000000000000000e+00 0.000000000000000000e+00 2.868554865610222545e-03 1.225800832651785574e-05
8.504489341802676794e-01 0.000000000000000000e+00 0.000000000000000000e+00 2.588533948234775055e-03 9.488015618908399797e-06
9.115888299750818380e-01 0.000000000000000000e+00 0.000000000000000000e+00 2.344230294695224485e-03 8.877331431117322421e-06
9.771241535346496532e-01 0.000000000000000000e+00 0.000000000000000000e+00 2.088893685259257844e-03 7.194220060418223373e-06
1.047370897959449820e+00 0.000000000000000000e+00 0.000000000000000000e+00 1.843931022006907840e-03 9.132561760809841225e-06
1.122667773510813483e+00 0.000000000000000000e+00 0.000000000000000000e+00 1.644974467438275372e-03 1.026941927209190299e-05
1.203377840777589247e+00 0.000000000000000000e+00 0.000000000000000000e+00 1.455515143302144997e-03 1.156472213226196169e-05
1.289890261253308079e+00 0.000000000000000000e+00 0.000000000000000000e+00 1.270174470021485707e-03 1.224395019499232574e-05
1.382622173764654905e+00 0.000000000000000000e+00 0.000000000000000000e+00 1.122769193807735726e-03 2.979667883834116644e-06
1.482020705798858584e+00 0.000000000000000000e+00 0.000000000000000000e+00 9.844326911635464632e-04 6.309764838220506243e-06
1.588565129428052725e+00 0.000000000000000000e+00 0.000000000000000000e+00 8.622369225551804184e-04 2.839386129158314537e-06
1.702769172225899519e+00 0.000000000000000000e+00 0.000000000000000000e+00 7.641462101708694759e-04 1.597946722839913694e-06
1.825183494319042365e+00 0.000000000000000000e+00 0.000000000000000000e+00 6.688339370820130855e-04 3.973681431622118430e-06
1.956398343517062877e+00 0.000000000000000000e+00 0.000000000000000000e+00 5.778601998384246983e-04 2.230333938896360049e-06
2.097046401323232612e+00 0.000000000000000000e+00 0.000000000000000000e+00 5.044350377519408058e-04 3.061464175240207105e-06
2.247805833548725207e+00 0.000000000000000000e+00 0.000000000000000000e+00 5.348628992764504955e-04 4.899968675531096084e-06
2.409403560239524289e+00 0.000000000000000000e+00 0.000000000000000000e+00 4.896419572038236603e-04 4.194720331890383246e-06
2.582618760682674708e+00 0.000000000000000000e+00 0.000000000000000000e+00 4.415722155217601539e-04 3.531965012220688875e-06
2.768286630392063685e+00 0.000000000000000000e+00 0.000000000000000000e+00 3.962639001126276594e-04 2.925766553669177749e-06
2.967302408188869478e+00 0.000000000000000000e+00 0.000000000000000000e+00 3.600814533789546560e-04 2.636130828412302254e-06
3.180625692794118997e+00 0.000000000000000000e+00 0.000000000000000000e+00 3.285736562678193574e-04 1.186996802604781175e-06
3.409285069746811114e+00 0.000000000000000000e+00 0.000000000000000000e+00 2.988207178655400038e-04 2.776828497105443497e-06
3.654383070957254454e+00 0.000000000000000000e+00 0.000000000000000000e+00 2.717576117361688486e-04 1.817008620549121785e-06
3.917101490809256514e+00 0.000000000000000000e+00 0.000000000000000000e+00 2.458141452873697152e-04 2.647514153450602098e-06
4.198707084443910276e+00 0.000000000000000000e+00 0.000000000000000000e+00 2.262701732247994544e-04 1.638446939208882955e-06
4.500557675700497917e+00 0.000000000000000000e+00 0.000000000000000000e+00 2.064706055811257933e-04 2.090215521898400192e-06
4.824108704165368522e+00 0.000000000000000000e+00 0.000000000000000000e+00 1.892063372818427586e-04 1.781207598850282611e-06
5.170920242896754893e+00 0.000000000000000000e+00 0.000000000000000000e+00 1.752345002210947125e-04 1.275786851651555719e-06
5.542664520663101335e+00 0.000000000000000000e+00 0.000000000000000000e+00 1.618851531750470677e-04 1.839926343675974122e-06
5.941133984965033754e+00 0.000000000000000000e+00 0.000000000000000000e+00 1.496089044478868051e-04 1.188231812246267525e-06
6.368249944718586519e+00 0.000000000000000000e+00 0.000000000000000000e+00 1.375028359076566910e-04 1.333929589708982590e-06
6.826071834272386063e+00 0.000000000000000000e+00 0.000000000000000000e+00 1.284206075650858275e-04 1.254975790359323347e-06
7.316807143427192628e+00 0.000000000000000000e+00 0.000000000000000000e+00 1.196920220834190695e-04 1.193473609673507205e-06
7.842822061337681561e+00 0.000000000000000000e+00 0.000000000000000000e+00 1.116779209988121355e-04 1.169197504488387775e-06
8.406652885618324689e+00 0.000000000000000000e+00 0.000000000000000000e+00 1.054886698089540055e-04 8.556163572998494000e-07
9.011018251665019463e+00 0.000000000000000000e+00 0.000000000000000000e+00 9.877687125015828593e-05 6.107365841722585208e-07
9.658832241158698650e+00 0.000000000000000000e+00 0.000000000000000000e+00 9.246494524462867788e-05 7.877333450672366658e-07
1.035321843295661637e+01 0.000000000000000000e+00 0.000000000000000000e+00 8.716853825393185270e-05 7.141961057616052627e-07
1.109752496412072098e+01 0.000000000000000000e+00 0.000000000000000000e+00 8.270145635214424477e-05 5.457511338221127156e-07
1.189534067370319548e+01 0.000000000000000000e+00 0.000000000000000000e+00 7.844060177735253248e-05 5.426653689766934228e-07
1.275051240713012923e+01 0.000000000000000000e+00 0.000000000000000000e+00 7.375312703474667811e-05 5.709583842751561512e-07
1.366716356462005955e+01 0.000000000000000000e+00 0.000000000000000000e+00 6.997382967597283779e-05 7.480308776088237380e-07
1.464971398307284822e+01 0.000000000000000000e+00 0.000000000000000000e+00 6.648326773821620743e-05 5.953113626258651992e-07
1.570290124729377546e+01 0.000000000000000000e+00 0.000000000000000000e+00 6.310124016877975217e-05 4.791232445619599126e-07
1.683180353330956791e+01 0.000000000000000000e+00 0.000000000000000000e+00 5.986024302365721436e-05 3.615864692259219512e-07
1.804186409392071866e+01 0.000000000000000000e+00 0.000000000000000000e+00 5.686764045057908165e-05 3.661739317124121166e-07
1.933891750455230252e+01 0.000000000000000000e+00 0.000000000000000000e+00 5.389862519453114621e-05 3.020003649683023644e-07
2.072921779595369784e+01 0.000000000000000000e+00 0.000000000000000000e+00 5.126351043705111354e-05 2.581621239227014200e-07
2.221946860939523916e+01 0.000000000000000000e+00 0.000000000000000000e+00 4.853026367624058883e-05 2.904847429634287082e-07
2.381685551976158166e+01 0.000000000000000000e+00 0.000000000000000000e+00 4.615908623245931373e-05 2.430851867941636345e-07
2.552908068239516481e+01 0.000000000000000000e+00 0.000000000000000000e+00 4.391842646806864547e-05 2.085464422375388314e-07
2.736439997074669250e+01 0.000000000000000000e+00 0.000000000000000000e+00 4.191950857395393567e-05 2.176070305132510123e-07
2.933166278390042336e+01 0.000000000000000000e+00 0.000000000000000000e+00 3.992414455664366601e-05 2.013392781347354429e-07
3.144035471591499942e+01 0.000000000000000000e+00 0.000000000000000000e+00 3.779619043837328420e-05 1.429915214019409004e-07
3.370064329271928472e+01 0.000000000000000000e+00 0.000000000000000000e+00 3.589332482191475072e-05 1.723090897981921439e-07
3.612342699709430605e+01 0.000000000000000000e+00 0.000000000000000000e+00 3.398931473213051048e-05 1.932460565251358105e-07
3.872038781812553054e+01 0.000000000000000000e+00 0.000000000000000000e+00 3.237459965595393966e-05 1.771232164510775294e-07
4.150404757850472492e+01 0.000000000000000000e+00 0.000000000000000000e+00 3.072638068485071848e-05 1.937385195937678601e-07
4.448782831127585524e+01 0.000000000000000000e+00 0.000000000000000000e+00 2.924871327609587682e-05 1.480511656531580870e-07
4.768611697714469244e+01 0.000000000000000000e+00 0.000000000000000000e+00 2.762899919894917742e-05 1.298851624263222240e-07
5.111433483440165304e+01 0.000000000000000000e+00 0.000000000000000000e+00 2.604084706082187333e-05 1.450344879223016647e-07
5.478901179593939474e+01 0.000000000000000000e+00 0.000000000000000000e+00 2.462871839374803544e-05 1.464249078953174477e-07
5.872786613189477123e+01 0.000000000000000000e+00 0.000000000000000000e+00 2.345938680220126815e-05 1.402399053173410425e-07
6.294988990221887804e+01 0.000000000000000000e+00 0.000000000000000000e+00 2.227944719153611538e-05 1.251225191881482029e-07
6.747544053110692630e+01 0.000000000000000000e+00 0.000000000000000000e+00 2.113634870408962290e-05 1.433323085457837025e-07
7.232633896483532965e+01 0.000000000000000000e+00 0.000000000000000000e+00 2.008322799552765013e-05 1.349936410978639292e-07
7.752597488629456279e+01 0.000000000000000000e+00 0.000000000000000000e+00 1.900009704038693381e-05 1.326489963755349664e-07
8.309941949353387258e+01 0.000000000000000000e+00 0.000000000000000000e+00 1.801059951648110828e-05 1.089377759591873723e-07
8.907354638610439679e+01 0.000000000000000000e+00 0.000000000000000000e+00 1.705716285860305409e-05 9.778200677511520819e-08
9.547716114208056126e+01 0.000000000000000000e+00 0.000000000000000000e+00 1.611538042184696172e-05 9.047223563463744708e-08
1.023411402105452765e+02 0.000000000000000000e+00 0.000000000000000000e+00 1.525167410192901979e-05 7.875293426600311612e-08
1.096985797892384085e+02 0.000000000000000000e+00 0.000000000000000000e+00 1.434052675587279199e-05 7.000679040185059377e-08
1.175849554052155810e+02 0.000000000000000000e+00 0.000000000000000000e+00 1.352154860166667132e-05 6.945523246260495640e-08
1.260382929679727368e+02 0.000000000000000000e+00 0.000000000000000000e+00 1.279613185709110858e-05 7.075712243745315215e-08
1.350993521198025178e+02 0.000000000000000000e+00 0.000000000000000000e+00 1.206294103307394453e-05 6.450487066778630904e-08
1.448118227674532932e+02 0.000000000000000000e+00 0.000000000000000000e+00 1.136116345145351863e-05 5.919713868373578967e-08
1.552225357427047925e+02 0.000000000000000000e+00 0.000000000000000000e+00 1.074061947639196540e-05 5.097755178497780551e-08
1.663816886076127446e+02 0.000000000000000000e+00 0.000000000000000000e+00 1.012935214771787917e-05 5.043410923082041402e-08
1.783430876931909381e+02 0.000000000000000000e+00 0.000000000000000000e+00 9.526674639606616833e-06 4.863424991010973115e-08
1.911644075385699750e+02 0.000000000000000000e+00 0.000000000000000000e+00 8.971370861598403635e-06 3.985126234218335237e-08
2.049074689815846000e+02 0.000000000000000000e+00 0.000000000000000000e+00 8.423578253912147661e-06 3.744614508426445209e-08
2.196385372416546886e+02 0.000000000000000000e+00 0.000000000000000000e+00 7.921608923791078762e-06 3.845197916586622573e-08
2.354286414322415339e+02 0.000000000000000000e+00 0.000000000000000000e+00 7.466784653489529503e-06 3.762079545803286838e-08
2.523539170434765992e+02 0.000000000000000000e+00 0.000000000000000000e+00 7.024945368844782065e-06 3.865109439344509338e-08
2.704959730463131677e+02 0.000000000000000000e+00 0.000000000000000000e+00 6.610702944962681493e-06 3.464830457507407835e-08
2.899422853882875302e+02 0.000000000000000000e+00 0.000000000000000000e+00 6.193416285207203275e-06 3.665435309692245493e-08
3.107866187782013867e+02 0.000000000000000000e+00 0.000000000000000000e+00 5.813472116438472934e-06 3.668768128876760529e-08
3.331294787934670012e+02 0.000000000000000000e+00 0.000000000000000000e+00 5.466740684113040240e-06 3.266516723006171748e-08
3.570785964900462659e+02 0.000000000000000000e+00 0.000000000000000000e+00 5.130370776075960978e-06 2.903943527531628627e-08
3.827494478516307481e+02 0.000000000000000000e+00 0.000000000000000000e+00 4.811933063352452755e-06 2.437728922081588105e-08
4.102658105827190411e+02 0.000000000000000000e+00 0.000000000000000000e+00 4.518189972283312872e-06 2.130424689805853862e-08
4.397603609302720997e+02 0.000000000000000000e+00 0.000000000000000000e+00 4.231809876659336918e-06 2.132185733350659494e-08
4.713753134116719252e+02 0.000000000000000000e+00 0.000000000000000000e+00 3.970678899659610556e-06 1.985249790151112622e-08
5.052631065335679637e+02 0.000000000000000000e+00 0.000000000000000000e+00 3.726754655009762042e-06 1.835011084609899502e-08
5.415871378079465330e+02 0.000000000000000000e+00 0.000000000000000000e+00 3.490892122326317658e-06 1.562505851892222940e-08
5.805225516094895966e+02 0.000000000000000000e+00 0.000000000000000000e+00 3.264834745111734022e-06 1.419071393445234145e-08
6.222570836730230894e+02 0.000000000000000000e+00 0.000000000000000000e+00 3.063141605127154459e-06 1.153146459648019266e-08
6.669919663030115089e+02 0.000000000000000000e+00 0.000000000000000000e+00 2.863945831228742237e-06 1.029305984442681104e-08
7.149428986597577023e+02 0.000000000000000000e+00 0.000000000000000000e+00 2.682789294599438742e-06 1.088348585682174273e-08
7.663410868007447334e+02 0.000000000000000000e+00 0.000000000000000000e+00 2.512454901463067690e-06 1.058207778048714358e-08
8.214343584919421346e+02 0.000000000000000000e+00 0.000000000000000000e+00 2.352357480931694360e-06 9.759888657435550799e-09
8.804883581643464368e+02 0.000000000000000000e+00 0.000000000000000000e+00 2.202269732072117199e-06 9.170869240853434207e-09
9.437878277775371316e+02 0.000000000000000000e+00 0.000000000000000000e+00 2.056695318922755466e-06 9.443789988678892756e-09
1.011637979766207081e+03 0.000000000000000000e+00 0.000000000000000000e+00 1.928338125993141415e-06 9.009446280351940658e-09
1.084365968689608735e+03 0.000000000000000000e+00 0.000000000000000000e+00 1.808297274393032152e-06 8.147022951265750084e-09
1.162322468679851909e+03 0.000000000000000000e+00 0.000000000000000000e+00 1.689020927087553396e-06 7.211414963729528861e-09
1.245883364295008050e+03 0.000000000000000000e+00 0.000000000000000000e+00 1.570583079999263797e-06 7.432183542766157237e-09
1.335451562929897364e+03 0.000000000000000000e+00 0.000000000000000000e+00 1.468692531792969932e-06 6.400025236909712134e-09
1.431458937523478653e+03 0.000000000000000000e+00 0.000000000000000000e+00 1.378865681043048082e-06 5.783530742328377117e-09
1.534368408930009991e+03 0.000000000000000000e+00 0.000000000000000000e+00 1.291565175364924701e-06 5.506936562818888001e-09
1.644676177994662794e+03 0.000000000000000000e+00 0.000000000000000000e+00 1.206954347822627318e-06 5.301187666103145242e-09
1.762914118095947970e+03 0.000000000000000000e+00 0.000000000000000000e+00 1.127469345311380194e-06 5.286094249354494309e-09
1.889652339691207771e+03 0.000000000000000000e+00 0.000000000000000000e+00 1.052634061715731707e-06 5.151807849933083936e-09
2.025501939230666494e+03 0.000000000000000000e+00 0.000000000000000000e+00 9.822120957825578926e-07 4.482856450697704587e-09
2.171117945694501032e+03 0.000000000000000000e+00 0.000000000000000000e+00 9.209020308992705273e-07 4.469007597478486435e-09
2.327202478960407461e+03 0.000000000000000000e+00 0.000000000000000000e+00 8.579044827078410076e-07 4.017788787758174096e-09
2.494508135230316384e+03 0.000000000000000000e+00 0.000000000000000000e+00 8.038595991503883978e-07 3.613548354877797723e-09
2.673841615839944097e+03 0.000000000000000000e+00 0.000000000000000000e+00 7.507139852369578706e-07 3.242803877277888321e-09
2.866067616948250361e+03 0.000000000000000000e+00 0.000000000000000000e+00 6.998673053342734503e-07 2.840314329285401297e-09
3.072112998861752658e+03 0.000000000000000000e+00 0.000000000000000000e+00 6.553390844278657791e-07 2.736541790835023582e-09
3.292971255097148060e+03 0.000000000000000000e+00 0.000000000000000000e+00 6.119691748435726205e-07 2.506037993059496760e-09
3.529707302730650099e+03 0.000000000000000000e+00 0.000000000000000000e+00 5.712841953634802488e-07 2.549669469553978695e-09
3.783462617131925072e+03 0.000000000000000000e+00 0.000000000000000000e+00 5.338386086437114241e-07 2.507078992371953062e-09
4.055460735840827510e+03 0.000000000000000000e+00 0.000000000000000000e+00 4.971854050136721456e-07 2.305802403588102267e-09
4.347013158125017071e+03 0.000000000000000000e+00 0.000000000000000000e+00 4.647972123228916372e-07 2.390999981531535273e-09
4.659525668664677141e+03 0.000000000000000000e+00 0.000000000000000000e+00 4.340502287043574260e-07 2.185618930454122711e-09
4.994505115855139593e+03 0.000000000000000000e+00 0.000000000000000000e+00 4.053682703614354245e-07 1.975608363292622309e-09
5.353566677410718512e+03 0.000000000000000000e+00 0.000000000000000000e+00 3.781626298843278083e-07 1.812083124933195628e-09
5.738441648302392423e+03 0.000000000000000000e+00 0.000000000000000000e+00 3.527699336185515505e-07 1.643598576615126758e-09
6.150985788580504050e+03 0.000000000000000000e+00 0.000000000000000000e+00 3.294313082003074491e-07 1.462805292585109550e-09
6.593188271333541707e+03 0.000000000000000000e+00 0.000000000000000000e+00 3.076143559766233847e-07 1.454668983172330819e-09
7.067181273927491020e+03 0.000000000000000000e+00 0.000000000000000000e+00 2.867537885705391321e-07 1.217675050771823568e-09
7.575250258771904555e+03 0.000000000000000000e+00 0.000000000000000000e+00 2.676475581942332577e-07 1.242808985557866218e-09
8.119844993184008672e+03 0.000000000000000000e+00 0.000000000000000000e+00 2.498168492661899515e-07 1.165106989413906713e-09
8.703591361485165180e+03 0.000000000000000000e+00 0.000000000000000000e+00 2.332961125991080805e-07 1.095962706241640246e-09
9.329304026284677093e+03 0.000000000000000000e+00 0.000000000000000000e+00 2.176248440066325672e-07 1.014208841025317830e-09
1.000000000000000000e+04 0.000000000000000000e+00 0.000000000000000000e+00 2.030772286257789607e-07 8.857273437148498718e-10
