1.000000000000000021e-02 0.000000000000000000e+00 0.000000000000000000e+00 0.000000000000000000e+00 0.000000000000000000e+00
1.071891319205127598e-02 0.000000000000000000e+00 0.000000000000000000e+00 0.000000000000000000e+00 0.000000000000000000e+00
1.148951000187309161e-02 0.000000000000000000e+00 0.000000000000000000e+00 0.000000000000000000e+00 0.000000000000000000e+00
1.231550603292825598e-02 0.000000000000000000e+00 0.000000000000000000e+00 0.000000000000000000e+00 0.000000000000000000e+00
1.320088400831418048e-02 0.000000000000000000e+00 0.000000000000000000e+00 0.000000000000000000e+00 0.000000000000000000e+00
1.414991297434575919e-02 0.000000000000000000e+00 0.000000000000000000e+00 0.000000000000000000e+00 0.000000000000000000e+00
1.516716888470922599e-02 0.000000000000000000e+00 0.000000000000000000e+00 0.000000000000000000e+00 0.000000000000000000e+00
1.625755666443794156e-02 0.000000000000000000e+00 0.000000000000000000e+00 0.000000000000000000e+00 0.000000000000000000e+00
1.742633386009649968e-02 0.000000000000000000e+00 0.000000000000000000e+00 0.000000000000000000e+00 0.000000000000000000e+00
1.867913599020782842e-02 0.000000000000000000e+00 0.000000000000000000e+00 0.000000000000000000e+00 0.000000000000000000e+00
2.002200371815584384e-02 0.000000000000000000e+00 0.000000000000000000e+00 0.000000000000000000e+00 0.000000000000000000e+00
2.146141197858403640e-02 0.000000000000000000e+00 0.000000000000000000e+00 0.000000000000000000e+00 0.000000000000000000e+00
2.300430119772918156e-02 0.000000000000000000e+00 0.000000000000000000e+00 0.000000000000000000e+00 0.000000000000000000e+00
2.465811075822602755e-02 0.000000000000000000e+00 0.000000000000000000e+00 0.000000000000000000e+00 0.000000000000000000e+00
2.643081486974105734e-02 0.000000000000000000e+00 0.000000000000000000e+00 0.000000000000000000e+00 0.000000000000000000e+00
2.833096101839324005e-02 0.000000000000000000e+00 0.000000000000000000e+00 0.000000000000000000e+00 0.000000000000000000e+00
3.036771118035457365e-02 0.000000000000000000e+00 0.000000000000000000e+00 0.000000000000000000e+00 0.000000000000000000e+00
3.255088599835058438e-02 0.000000000000000000e+00 0.000000000000000000e+00 0.000000000000000000e+00 0.000000000000000000e+00
3.489101213406773511e-02 0.000000000000000000e+00 0.000000000000000000e+00 0.000000000000000000e+00 0.000000000000000000e+00
3.739937302478797687e-02 0.000000000000000000e+00 0.000000000000000000e+00 0.000000000000000000e+00 0.000000000000000000e+00
4.008806328898464888e-02 0.000000000000000000e+00 0.000000000000000000e+00 0.000000000000000000e+00 0.000000000000000000e+00
4.297004704320839252e-02 0.000000000000000000e+00 0.000000000000000000e+00 0.000000000000000000e+00 0.000000000000000000e+00
4.605922041145105866e-02 0.000000000000000000e+00 0.000000000000000000e+00 0.000000000000000000e+00 0.000000000000000000e+00
4.937047852839003548e-02 0.000000000000000000e+00 0.000000000000000000e+00 0.000000000000000000e+00 0.000000000000000000e+00
5.291978735958442065e-02 0.000000000000000000e+00 0.000000000000000000e+00 0.000000000000000000e+00 0.000000000000000000e+00
5.672426068491977919e-02 0.000000000000000000e+00 0.000000000000000000e+00 0.000000000000000000e+00 0.000000000000000000e+00
6.080224261649420925e-02 0.000000000000000000e+00 0.000000000000000000e+00 0.000000000000000000e+00 0.000000000000000000e+00
6.517339604882423088e-02 0.000000000000000000e+00 0.000000000000000000e+00 0.000000000000000000e+00 0.000000000000000000e+00
6.985879746785249311e-02 0.000000000000000000e+00 0.000000000000000000e+00 9.999999999999995312e-07 0.000000000000000000e+00
7.488103857590022727e-02 0.000000000000000000e+00 0.000000000000000000e+00 0.000000000000000000e+00 0.000000000000000000e+00
8.026433522257174491e-02 0.000000000000000000e+00 0.000000000000000000e+00 0.000000000000000000e+00 0.000000000000000000e+00
8.603464416684500349e-02 0.000000000000000000e+00 0.000000000000000000e+00 0.000000000000000000e+00 0.000000000000000000e+00
9.221978823334327224e-02 0.000000000000000000e+00 0.000000000000000000e+00 0.000000000000000000e+00 0.000000000000000000e+00
9.884959046625586832e-02 0.000000000000000000e+00 0.000000000000000000e+00 0.000000000000000000e+00 0.000000000000000000e+00
1.059560179277615893e-01 0.000000000000000000e+00 0.000000000000000000e+00 0.000000000000000000e+00 0.000000000000000000e+00
1.135733358343105209e-01 0.000000000000000000e+00 0.000000000000000000e+00 0.000000000000000000e+00 0.000000000000000000e+00
1.217382727739661358e-01 0.000000000000000000e+00 0.000000000000000000e+00 7.426145233091759193e-08 0.000000000000000000e+00
1.304901978014402220e-01 0.000000000000000000e+00 0.000000000000000000e+00 0.000000000000000000e+00 0.000000000000000000e+00
1.398713102647237971e-01 0.000000000000000000e+00 0.000000000000000000e+00 2.927646032401493875e-06 0.000000000000000000e+00
1.499268432786045602e-01 0.000000000000000000e+00 0.000000000000000000e+00 3.396484575668970083e-05 0.000000000000000000e+00
1.607052818261638372e-01 0.000000000000000000e+00 0.000000000000000000e+00 7.852751953409315734e-05 0.000000000000000000e+00
1.722585965398786556e-01 0.000000000000000000e+00 0.000000000000000000e+00 1.859993983808647881e-04 0.000000000000000000e+00
1.846424942895543431e-01 0.000000000000000000e+00 0.000000000000000000e+00 3.596644566354942731e-04 0.000000000000000000e+00
1.979166867853556222e-01 0.000000000000000000e+00 0.000000000000000000e+00 7.626890732774047488e-04 0.000000000000000000e+00
2.121451784910629856e-01 0.000000000000000000e+00 0.000000000000000000e+00 1.198988833953642044e-03 0.000000000000000000e+00
2.273965752357927639e-01 0.000000000000000000e+00 0.000000000000000000e+00 1.734126621640073081e-03 0.000000000000000000e+00
2.437444150122220488e-01 0.000000000000000000e+00 0.000000000000000000e+00 2.366515614834033103e-03 0.000000000000000000e+00
2.612675225563327874e-01 0.000000000000000000e+00 0.000000000000000000e+00 3.007416857715316041e-03 0.000000000000000000e+00
2.800503894183630771e-01 0.000000000000000000e+00 0.000000000000000000e+00 3.473275576691915202e-03 0.000000000000000000e+00
3.001835813575589040e-01 0.000000000000000000e+00 0.000000000000000000e+00 4.043575352885326636e-03 0.000000000000000000e+00
3.217641750250735400e-01 0.000000000000000000e+00 0.000000000000000000e+00 4.242205403470792995e-03 0.000000000000000000e+00
3.448962260405757929e-01 0.000000000000000000e+00 0.000000000000000000e+00 4.397447016683582975e-03 0.000000000000000000e+00
3.696912707195026404e-01 0.000000000000000000e+00 0.000000000000000000e+00 4.520367875163553567e-03 0.000000000000000000e+00
3.962688638701478139e-01 0.000000000000000000e+00 0.000000000000000000e+00 4.571526865353225944e-03 0.000000000000000000e+00
4.247571552536898443e-01 0.000000000000000000e+00 0.000000000000000000e+00 4.406628901380884103e-03 0.000000000000000000e+00
4.552935074866947818e-01 0.000000000000000000e+00 0.000000000000000000e+00 4.359103506294779128e-03 0.000000000000000000e+00
4.880251583654431347e-01 0.000000000000000000e+00 0.000000000000000000e+00 4.258649252414264605e-03 0.000000000000000000e+00
5.231099308056260666e-01 0.000000000000000000e+00 0.000000000000000000e+00 4.111859478806455248e-03 0.000000000000000000e+00
5.607169938205458504e-01 0.000000000000000000e+00 0.000000000000000000e+00 4.033933858543482798e-03 0.000000000000000000e+00
6.010276782070381740e-01 0.000000000000000000e+00 0.000000000000000000e+00 3.808750727412938981e-03 0.000000000000000000e+00
6.442363508721370424e-01 0.000000000000000000e+00 0.000000000000000000e+00 3.608368709500936120e-03 0.000000000000000000e+00
6.905513520162327445e-01 0.000000000000000000e+00 0.000000000000000000e+00 3.554960981487254121e-03 0.000000000000000000e+00
7.401959996915641327e-01 0.000000000000000000e+00 0.000000000000000000e+00 3.371166705711520998e-03 0.000000000000000000e+00
7.934096665797492065e-01 0.000000000000000000e+00 0.000000000000000000e+00 3.228826753151772030e-03 0.000000000000000000e+00
8.504489341802676794e-01 0.000000000000000000e+00 0.000000000000000000e+00 3.064395778772232171e-03 0.000000000000000000e+00
9.115888299750818380e-01 0.000000000000000000e+00 0.000000000000000000e+00 2.997228000666160921e-03 0.000000000000000000e+00
9.771241535346496532e-01 0.000000000000000000e+00 0.000000000000000000e+00 2.853394039582173025e-03 0.000000000000000000e+00
1.047370897959449820e+00 0.000000000000000000e+00 0.000000000000000000e+00 2.680485288545893154e-03 0.000000000000000000e+00
1.122667773510813483e+00 0.000000000000000000e+00 0.000000000000000000e+00 2.689755505786102941e-03 0.000000000000000000e+00
1.203377840777589247e+00 0.000000000000000000e+00 0.000000000000000000e+00 2.468942872091063005e-03 0.000000000000000000e+00
1.289890261253308079e+00 0.000000000000000000e+00 0.000000000000000000e+00 2.392335341202193010e-03 0.000000000000000000e+00
1.382622173764654905e+00 0.000000000000000000e+00 0.000000000000000000e+00 2.230434585748486062e-03 0.000000000000000000e+00
1.482020705798858584e+00 0.000000000000000000e+00 0.000000000000000000e+00 2.154297775488229084e-03 0.000000000000000000e+00
1.588565129428052725e+00 0.000000000000000000e+00 0.000000000000000000e+00 2.017837619356192824e-03 0.000000000000000000e+00
1.702769172225899519e+00 0.000000000000000000e+00 0.000000000000000000e+00 1.941844589752754089e-03 0.000000000000000000e+00
1.825183494319042365e+00 0.000000000000000000e+00 0.000000000000000000e+00 1.835740605814455010e-03 0.000000000000000000e+00
1.956398343517062877e+00 0.000000000000000000e+00 0.000000000000000000e+00 1.795049281985323930e-03 0.000000000000000000e+00
2.097046401323232612e+00 0.000000000000000000e+00 0.000000000000000000e+00 1.745685683156558959e-03 0.000000000000000000e+00
2.247805833548725207e+00 0.000000000000000000e+00 0.000000000000000000e+00 1.703156477909232962e-03 0.000000000000000000e+00
2.409403560239524289e+00 0.000000000000000000e+00 0.000000000000000000e+00 1.688533702528636918e-03 0.000000000000000000e+00
2.582618760682674708e+00 0.000000000000000000e+00 0.000000000000000000e+00 1.671998633876758001e-03 0.000000000000000000e+00
2.768286630392063685e+00 0.000000000000000000e+00 0.000000000000000000e+00 1.661415973338231915e-03 0.000000000000000000e+00
2.967302408188869478e+00 0.000000000000000000e+00 0.000000000000000000e+00 1.662820275177149913e-03 0.000000000000000000e+00
3.180625692794118997e+00 0.000000000000000000e+00 0.000000000000000000e+00 1.634246463342001058e-03 0.000000000000000000e+00
3.409285069746811114e+00 0.000000000000000000e+00 0.000000000000000000e+00 1.602454428318363100e-03 0.000000000000000000e+00
3.654383070957254454e+00 0.000000000000000000e+00 0.000000000000000000e+00 1.628105136152424972e-03 0.000000000000000000e+00
3.917101490809256514e+00 0.000000000000000000e+00 0.000000000000000000e+00 1.618647929841952101e-03 0.000000000000000000e+00
4.198707084443910276e+00 0.000000000000000000e+00 0.000000000000000000e+00 1.649708752632616984e-03 0.000000000000000000e+00
4.500557675700497917e+00 0.000000000000000000e+00 0.000000000000000000e+00 1.644039314658688996e-03 0.000000000000000000e+00
4.824108704165368522e+00 0.000000000000000000e+00 0.000000000000000000e+00 1.663768714762629006e-03 0.000000000000000000e+00
5.170920242896754893e+00 0.000000000000000000e+00 0.000000000000000000e+00 1.716916864935319085e-03 0.000000000000000000e+00
5.542664520663101335e+00 0.000000000000000000e+00 0.000000000000000000e+00 1.726753484699314898e-03 0.000000000000000000e+00
5.941133984965033754e+00 0.000000000000000000e+00 0.000000000000000000e+00 1.754297721421236049e-03 0.000000000000000000e+00
6.368249944718586519e+00 0.000000000000000000e+00 0.000000000000000000e+00 1.756110069765478947e-03 0.000000000000000000e+00
6.826071834272386063e+00 0.000000000000000000e+00 0.000000000000000000e+00 1.781103295844398051e-03 0.000000000000000000e+00
7.316807143427192628e+00 0.000000000000000000e+00 0.000000000000000000e+00 1.808558459490587980e-03 0.000000000000000000e+00
7.842822061337681561e+00 0.000000000000000000e+00 0.000000000000000000e+00 1.860135149717093931e-03 0.000000000000000000e+00
8.406652885618324689e+00 0.000000000000000000e+00 0.000000000000000000e+00 1.882304571941488969e-03 0.000000000000000000e+00
9.011018251665019463e+00 0.000000000000000000e+00 0.000000000000000000e+00 1.914020198499318979e-03 0.000000000000000000e+00
9.658832241158698650e+00 0.000000000000000000e+00 0.000000000000000000e+00 1.942757958894807992e-03 0.000000000000000000e+00
1.035321843295661637e+01 0.000000000000000000e+00 0.000000000000000000e+00 1.988200480534399028e-03 0.000000000000000000e+00
1.109752496412072098e+01 0.000000000000000000e+00 0.000000000000000000e+00 2.000901105209844117e-03 0.000000000000000000e+00
1.189534067370319548e+01 0.000000000000000000e+00 0.000000000000000000e+00 2.027989255173774045e-03 0.000000000000000000e+00
1.275051240713012923e+01 0.000000000000000000e+00 0.000000000000000000e+00 2.061247965940613946e-03 0.000000000000000000e+00
1.366716356462005955e+01 0.000000000000000000e+00 0.000000000000000000e+00 2.073167515666397061e-03 0.000000000000000000e+00
1.464971398307284822e+01 0.000000000000000000e+00 0.000000000000000000e+00 2.111825358673379092e-03 0.000000000000000000e+00
1.570290124729377546e+01 0.000000000000000000e+00 0.000000000000000000e+00 2.125115151377594824e-03 0.000000000000000000e+00
1.683180353330956791e+01 0.000000000000000000e+00 0.000000000000000000e+00 2.139305947256804011e-03 0.000000000000000000e+00
1.804186409392071866e+01 0.000000000000000000e+00 0.000000000000000000e+00 2.162051356663355871e-03 0.000000000000000000e+00
1.933891750455230252e+01 0.000000000000000000e+00 0.000000000000000000e+00 2.171606468034111004e-03 0.000000000000000000e+00
2.072921779595369784e+01 0.000000000000000000e+00 0.000000000000000000e+00 2.161706704572951849e-03 0.000000000000000000e+00
2.221946860939523916e+01 0.000000000000000000e+00 0.000000000000000000e+00 2.178882398476323159e-03 0.000000000000000000e+00
2.381685551976158166e+01 0.000000000000000000e+00 0.000000000000000000e+00 2.186135736317009175e-03 0.000000000000000000e+00
2.552908068239516481e+01 0.000000000000000000e+00 0.000000000000000000e+00 2.172230470517586953e-03 0.000000000000000000e+00
2.736439997074669250e+01 0.000000000000000000e+00 0.000000000000000000e+00 2.168685171110159952e-03 0.000000000000000000e+00
2.933166278390042336e+01 0.000000000000000000e+00 0.000000000000000000e+00 2.143461222646675986e-03 0.000000000000000000e+00
3.144035471591499942e+01 0.000000000000000000e+00 0.000000000000000000e+00 2.132355074317021995e-03 0.000000000000000000e+00
3.370064329271928472e+01 0.000000000000000000e+00 0.000000000000000000e+00 2.101226857975581081e-03 0.000000000000000000e+00
3.612342699709430605e+01 0.000000000000000000e+00 0.000000000000000000e+00 2.084135076309861188e-03 0.000000000000000000e+00
3.872038781812553054e+01 0.000000000000000000e+00 0.000000000000000000e+00 2.051256132330887133e-03 0.000000000000000000e+00
4.150404757850472492e+01 0.000000000000000000e+00 0.000000000000000000e+00 2.027969895133343876e-03 0.000000000000000000e+00
4.448782831127585524e+01 0.000000000000000000e+00 0.000000000000000000e+00 1.986223939618031020e-03 0.000000000000000000e+00
4.768611697714469244e+01 0.000000000000000000e+00 0.000000000000000000e+00 1.941648732167356069e-03 0.000000000000000000e+00
5.111433483440165304e+01 0.000000000000000000e+00 0.000000000000000000e+00 1.908204779906629012e-03 0.000000000000000000e+00
5.478901179593939474e+01 0.000000000000000000e+00 0.000000000000000000e+00 1.850176910202481996e-03 0.000000000000000000e+00
5.872786613189477123e+01 0.000000000000000000e+00 0.000000000000000000e+00 1.807593527503949943e-03 0.000000000000000000e+00
6.294988990221887804e+01 0.000000000000000000e+00 0.000000000000000000e+00 1.759320465898768981e-03 0.000000000000000000e+00
6.747544053110692630e+01 0.000000000000000000e+00 0.000000000000000000e+00 1.705314610014277898e-03 0.000000000000000000e+00
7.232633896483532965e+01 0.000000000000000000e+00 0.000000000000000000e+00 1.655967789949394035e-03 0.000000000000000000e+00
7.752597488629456279e+01 0.000000000000000000e+00 0.000000000000000000e+00 1.601947831319178043e-03 0.000000000000000000e+00
8.309941949353387258e+01 0.000000000000000000e+00 0.000000000000000000e+00 1.545170611092829991e-03 0.000000000000000000e+00
8.907354638610439679e+01 0.000000000000000000e+00 0.000000000000000000e+00 1.488937007398840077e-03 0.000000000000000000e+00
9.547716114208056126e+01 0.000000000000000000e+00 0.000000000000000000e+00 1.434663330911940078e-03 0.000000000000000000e+00
1.023411402105452765e+02 0.000000000000000000e+00 0.000000000000000000e+00 1.381878261808755027e-03 0.000000000000000000e+00
1.096985797892384085e+02 0.000000000000000000e+00 0.000000000000000000e+00 1.321286450822675056e-03 0.000000000000000000e+00
1.175849554052155810e+02 0.000000000000000000e+00 0.000000000000000000e+00 1.268601126576710978e-03 0.000000000000000000e+00
1.260382929679727368e+02 0.000000000000000000e+00 0.000000000000000000e+00 1.214162838497293050e-03 0.000000000000000000e+00
1.350993521198025178e+02 0.000000000000000000e+00 0.000000000000000000e+00 1.166450091757991045e-03 0.000000000000000000e+00
1.448118227674532932e+02 0.000000000000000000e+00 0.000000000000000000e+00 1.115346639317458047e-03 0.000000000000000000e+00
1.552225357427047925e+02 0.000000000000000000e+00 0.000000000000000000e+00 1.066989142234112033e-03 0.000000000000000000e+00
1.663816886076127446e+02 0.000000000000000000e+00 0.000000000000000000e+00 1.019602897004961940e-03 0.000000000000000000e+00
1.783430876931909381e+02 0.000000000000000000e+00 0.000000000000000000e+00 9.743550263099284023e-04 0.000000000000000000e+00
1.911644075385699750e+02 0.000000000000000000e+00 0.000000000000000000e+00 9.265838672464723645e-04 0.000000000000000000e+00
2.049074689815846000e+02 0.000000000000000000e+00 0.000000000000000000e+00 8.812568979534754314e-04 0.000000000000000000e+00
2.196385372416546886e+02 0.000000000000000000e+00 0.000000000000000000e+00 8.380822604540970680e-04 0.000000000000000000e+00
2.354286414322415339e+02 0.000000000000000000e+00 0.000000000000000000e+00 7.979089248247587174e-04 0.000000000000000000e+00
2.523539170434765992e+02 0.000000000000000000e+00 0.000000000000000000e+00 7.608239328622578082e-04 0.000000000000000000e+00
2.704959730463131677e+02 0.000000000000000000e+00 0.000000000000000000e+00 7.217479487346529186e-04 0.000000000000000000e+00
2.899422853882875302e+02 0.000000000000000000e+00 0.000000000000000000e+00 6.864368845140941420e-04 0.000000000000000000e+00
3.107866187782013867e+02 0.000000000000000000e+00 0.000000000000000000e+00 6.505531458462359166e-04 0.000000000000000000e+00
3.331294787934670012e+02 0.000000000000000000e+00 0.000000000000000000e+00 6.186627921800051536e-04 0.000000000000000000e+00
3.570785964900462659e+02 0.000000000000000000e+00 0.000000000000000000e+00 5.875168184603533688e-04 0.000000000000000000e+00
3.827494478516307481e+02 0.000000000000000000e+00 0.000000000000000000e+00 5.576503822183843592e-04 0.000000000000000000e+00
4.102658105827190411e+02 0.000000000000000000e+00 0.000000000000000000e+00 5.270950752178201392e-04 0.000000000000000000e+00
4.397603609302720997e+02 0.000000000000000000e+00 0.000000000000000000e+00 4.991129105348713658e-04 0.000000000000000000e+00
4.713753134116719252e+02 0.000000000000000000e+00 0.000000000000000000e+00 4.743920232439255771e-04 0.000000000000000000e+00
5.052631065335679637e+02 0.000000000000000000e+00 0.000000000000000000e+00 4.492694401263993263e-04 0.000000000000000000e+00
5.415871378079465330e+02 0.000000000000000000e+00 0.000000000000000000e+00 4.243679303254610210e-04 0.000000000000000000e+00
5.805225516094895966e+02 0.000000000000000000e+00 0.000000000000000000e+00 4.029106240067105915e-04 0.000000000000000000e+00
6.222570836730230894e+02 0.000000000000000000e+00 0.000000000000000000e+00 3.827244006844387841e-04 0.000000000000000000e+00
6.669919663030115089e+02 0.000000000000000000e+00 0.000000000000000000e+00 3.611413779185135850e-04 0.000000000000000000e+00
7.149428986597577023e+02 0.000000000000000000e+00 0.000000000000000000e+00 3.404922887352270985e-04 0.000000000000000000e+00
7.663410868007447334e+02 0.000000000000000000e+00 0.000000000000000000e+00 3.230573701516726800e-04 0.000000000000000000e+00
8.214343584919421346e+02 0.000000000000000000e+00 0.000000000000000000e+00 3.054062387665230829e-04 0.000000000000000000e+00
8.804883581643464368e+02 0.000000000000000000e+00 0.000000000000000000e+00 2.885125046058633247e-04 0.000000000000000000e+00
9.437878277775371316e+02 0.000000000000000000e+00 0.000000000000000000e+00 2.724073846486199852e-04 0.000000000000000000e+00
1.011637979766207081e+03 0.000000000000000000e+00 0.000000000000000000e+00 2.579578603175360259e-04 0.000000000000000000e+00
1.084365968689608735e+03 0.000000000000000000e+00 0.000000000000000000e+00 2.446339733975090949e-04 0.000000000000000000e+00
1.162322468679851909e+03 0.000000000000000000e+00 0.000000000000000000e+00 2.299904478467867128e-04 0.000000000000000000e+00
1.245883364295008050e+03 0.000000000000000000e+00 0.000000000000000000e+00 2.166684912841289042e-04 0.000000000000000000e+00
1.335451562929897364e+03 0.000000000000000000e+00 0.000000000000000000e+00 2.050857600286537877e-04 0.000000000000000000e+00
1.431458937523478653e+03 0.000000000000000000e+00 0.000000000000000000e+00 1.943196780089287933e-04 0.000000000000000000e+00
1.534368408930009991e+03 0.000000000000000000e+00 0.000000000000000000e+00 1.835978976694807108e-04 0.000000000000000000e+00
1.644676177994662794e+03 0.000000000000000000e+00 0.000000000000000000e+00 1.732392811358758904e-04 0.000000000000000000e+00
1.762914118095947970e+03 0.000000000000000000e+00 0.000000000000000000e+00 1.635414875724974977e-04 0.000000000000000000e+00
1.889652339691207771e+03 0.000000000000000000e+00 0.000000000000000000e+00 1.539479544708023976e-04 0.000000000000000000e+00
2.025501939230666494e+03 0.000000000000000000e+00 0.000000000000000000e+00 1.450840690400858994e-04 0.000000000000000000e+00
2.171117945694501032e+03 0.000000000000000000e+00 0.000000000000000000e+00 1.373744260163379865e-04 0.000000000000000000e+00
2.327202478960407461e+03 0.000000000000000000e+00 0.000000000000000000e+00 1.293049999534886987e-04 0.000000000000000000e+00
2.494508135230316384e+03 0.000000000000000000e+00 0.000000000000000000e+00 1.225107381387928907e-04 0.000000000000000000e+00
2.673841615839944097e+03 0.000000000000000000e+00 0.000000000000000000e+00 1.153811153868585952e-04 0.000000000000000000e+00
2.866067616948250361e+03 0.000000000000000000e+00 0.000000000000000000e+00 1.086149005274278015e-04 0.000000000000000000e+00
3.072112998861752658e+03 0.000000000000000000e+00 0.000000000000000000e+00 1.030467080688378043e-04 0.000000000000000000e+00
3.292971255097148060e+03 0.000000000000000000e+00 0.000000000000000000e+00 9.693999178690843337e-05 0.000000000000000000e+00
3.529707302730650099e+03 0.000000000000000000e+00 0.000000000000000000e+00 9.137269559800549775e-05 0.000000000000000000e+00
3.783462617131925072e+03 0.000000000000000000e+00 0.000000000000000000e+00 8.634933234734643037e-05 0.000000000000000000e+00
4.055460735840827510e+03 0.000000000000000000e+00 0.000000000000000000e+00 8.127672588503995492e-05 0.000000000000000000e+00
4.347013158125017071e+03 0.000000000000000000e+00 0.000000000000000000e+00 7.661703920120707450e-05 0.000000000000000000e+00
4.659525668664677141e+03 0.000000000000000000e+00 0.000000000000000000e+00 7.235314119339202380e-05 0.000000000000000000e+00
4.994505115855139593e+03 0.000000000000000000e+00 0.000000000000000000e+00 6.809870964193176295e-05 0.000000000000000000e+00
5.353566677410718512e+03 0.000000000000000000e+00 0.000000000000000000e+00 6.431745378757099737e-05 0.000000000000000000e+00
5.738441648302392423e+03 0.000000000000000000e+00 0.000000000000000000e+00 6.063849871621694181e-05 0.000000000000000000e+00
6.150985788580504050e+03 0.000000000000000000e+00 0.000000000000000000e+00 5.715542672038436019e-05 0.000000000000000000e+00
6.593188271333541707e+03 0.000000000000000000e+00 0.000000000000000000e+00 5.383981838070286296e-05 0.000000000000000000e+00
7.067181273927491020e+03 0.000000000000000000e+00 0.000000000000000000e+00 5.064681492879950011e-05 0.000000000000000000e+00
7.575250258771904555e+03 0.000000000000000000e+00 0.000000000000000000e+00 4.771553781071052311e-05 0.000000000000000000e+00
8.119844993184008672e+03 0.000000000000000000e+00 0.000000000000000000e+00 4.513379517658773249e-05 0.000000000000000000e+00
8.703591361485165180e+03 0.000000000000000000e+00 0.000000000000000000e+00 4.245141595107876706e-05 0.000000000000000000e+00
9.329304026284677093e+03 0.000000000000000000e+00 0.000000000000000000e+00 4.016169176241872051e-05 0.000000000000000000e+00
1.000000000000000000e+04 0.000000000000000000e+00 0.000000000000000000e+00 3.775465769850877801e-05 0.000000000000000000e+00
